time	V(vdrain)	V(vdrain_totem)	V(vgate)	V(vgate_totem)	Id(Mosfet)	Id(Mosfet_totem)
0.000000000000000e+00	1.200000e+01	1.200000e+01	0.000000e+00	1.195305e-03	1.243450e-11	1.243450e-11
1.953124890551744e-13	1.200000e+01	1.200000e+01	9.191720e-07	1.195317e-03	1.262634e-11	2.514611e-11
3.906249781103488e-13	1.200000e+01	1.200000e+01	1.838380e-06	1.195333e-03	1.208646e-11	2.539265e-11
7.812499562206976e-13	1.200000e+01	1.200000e+01	3.676945e-06	1.195375e-03	1.538994e-11	1.632393e-11
1.562499912441395e-12	1.200000e+01	1.200000e+01	7.354695e-06	1.195494e-03	1.269638e-11	9.530637e-12
3.124999824882790e-12	1.200000e+01	1.200000e+01	1.471271e-05	1.195845e-03	-2.410438e-12	9.555257e-12
6.249999649765581e-12	1.200000e+01	1.200000e+01	2.943872e-05	1.196919e-03	-3.739718e-11	8.939694e-12
1.249999929953116e-11	1.200000e+01	1.200000e+01	5.893064e-05	1.200302e-03	-1.705376e-10	-2.826256e-12
2.499999859906232e-11	1.200000e+01	1.200000e+01	1.180740e-04	1.210851e-03	-6.900518e-10	-7.095230e-11
4.999999719812465e-11	1.200000e+01	1.200000e+01	2.369990e-04	1.241755e-03	-2.729352e-09	-4.700998e-10
9.999999439624929e-11	1.200000e+01	1.200000e+01	4.770657e-04	1.322766e-03	-1.028669e-08	-2.421835e-09
1.753397118994356e-10	1.200001e+01	1.200000e+01	8.439648e-04	1.466992e-03	-2.978189e-08	-8.490042e-09
2.770352091087612e-10	1.200002e+01	1.200001e+01	1.350054e-03	1.684104e-03	-7.308844e-08	-2.391371e-08
4.417750504504391e-10	1.200004e+01	1.200002e+01	2.199300e-03	2.071612e-03	-1.892946e-07	-7.001341e-08
7.568711465964798e-10	1.200012e+01	1.200005e+01	3.912822e-03	2.897082e-03	-5.509013e-07	-2.258877e-07
1.217721987081397e-09	1.200030e+01	1.200013e+01	6.609396e-03	4.257212e-03	-1.376447e-06	-6.052546e-07
1.801333182606708e-09	1.200066e+01	1.200031e+01	1.038859e-02	6.229729e-03	-2.986936e-06	-1.386308e-06
2.750664016073083e-09	1.200155e+01	1.200076e+01	1.747487e-02	1.000387e-02	-7.050628e-06	-3.446281e-06
4.430961829918758e-09	1.200404e+01	1.200206e+01	3.273099e-02	1.821755e-02	-1.836456e-05	-9.371595e-06
7.260512185758192e-09	1.201051e+01	1.200553e+01	6.535602e-02	3.599204e-02	-4.777374e-05	-2.513330e-05
1.106308365259956e-08	1.202332e+01	1.201256e+01	1.220148e-01	6.762899e-02	-1.060045e-04	-5.709147e-05
1.565954418680163e-08	1.204458e+01	1.202484e+01	2.089693e-01	1.201845e-01	-2.026545e-04	-1.128934e-04
2.006419470144904e-08	1.207001e+01	1.204359e+01	3.088450e-01	2.327054e-01	-3.182419e-04	-1.981160e-04
2.209884920580027e-08	1.208364e+01	1.206303e+01	3.612687e-01	4.039809e-01	-3.801588e-04	-2.864900e-04
2.344782486856786e-08	1.209355e+01	1.209065e+01	3.990410e-01	6.314443e-01	-4.252135e-04	-4.120386e-04
2.473463965317093e-08	1.210354e+01	1.213354e+01	4.369501e-01	9.096326e-01	-4.706373e-04	-6.080751e-04
2.606164511797061e-08	1.211434e+01	1.219315e+01	4.777992e-01	1.221689e+00	-5.197366e-04	-8.801501e-04
2.758357612070852e-08	1.212743e+01	1.227927e+01	5.271468e-01	1.605316e+00	-5.792181e-04	-1.272867e-03
3.031390676512585e-08	1.215252e+01	1.246597e+01	6.215906e-01	2.331468e+00	-6.933081e-04	-2.123738e-03
3.389425037597901e-08	1.218829e+01	1.275000e+01	7.560409e-01	3.322925e+00	-8.558577e-04	-3.412358e-03
3.876967294686454e-08	1.224091e+01	1.309218e+01	9.539394e-01	4.700411e+00	-1.095048e-03	-4.964019e-03
4.076938857645509e-08	1.226389e+01	1.273778e+01	1.040458e+00	5.257754e+00	-1.199499e-03	-3.352978e-03
4.207232736160534e-08	1.227958e+01	1.142173e+01	1.099637e+00	5.597451e+00	-1.270835e-03	3.444798e-03
4.347267411580441e-08	1.229690e+01	8.787788e+00	1.165032e+00	5.931495e+00	-1.349562e-03	1.631542e-02
4.453083899423666e-08	1.231027e+01	6.709430e+00	1.215559e+00	6.167690e+00	-1.410320e-03	2.491016e-02
4.554310025646964e-08	1.232331e+01	5.249886e+00	1.264911e+00	6.383481e+00	-1.469591e-03	3.007257e-02
4.665404816711927e-08	1.233788e+01	4.246534e+00	1.320120e+00	6.613017e+00	-1.535817e-03	3.393105e-02
4.779587651329614e-08	1.235311e+01	3.530768e+00	1.377902e+00	6.842714e+00	-1.605044e-03	3.790604e-02
4.872562809196184e-08	1.236573e+01	3.024669e+00	1.425844e+00	7.023614e+00	-1.662405e-03	4.079464e-02
5.000000000000000e-08	1.238325e+01	2.341727e+00	1.492471e+00	7.265339e+00	-1.742042e-03	4.390124e-02
5.012743719080382e-08	1.238502e+01	2.270963e+00	1.498624e+00	7.287665e+00	-1.750092e-03	4.422254e-02
5.038231157241145e-08	1.238855e+01	2.128217e+00	1.510918e+00	7.331453e+00	-1.766152e-03	4.487137e-02
5.089206033562672e-08	1.239558e+01	1.836409e+00	1.535450e+00	7.413930e+00	-1.798078e-03	4.619782e-02
5.191155786205725e-08	1.240949e+01	1.234733e+00	1.584339e+00	7.563254e+00	-1.861322e-03	4.893287e-02
5.304578569926307e-08	1.242481e+01	5.570480e-01	1.638523e+00	7.713120e+00	-1.930961e-03	5.201343e-02
5.352161859777899e-08	1.243118e+01	2.957969e-01	1.661173e+00	7.772813e+00	-1.959898e-03	5.320095e-02
5.378917108801138e-08	1.243473e+01	1.850285e-01	1.673876e+00	7.807858e+00	-1.976056e-03	5.370443e-02
5.401185511768682e-08	1.243768e+01	1.280421e-01	1.684434e+00	7.839338e+00	-1.989451e-03	5.396345e-02
5.423194445072620e-08	1.244058e+01	9.526654e-02	1.694857e+00	7.871720e+00	-2.002651e-03	5.410670e-02
5.442393130569872e-08	1.244311e+01	7.805703e-02	1.703940e+00	7.900437e+00	-2.014133e-03	5.416522e-02
5.463621027329628e-08	1.244590e+01	6.594401e-02	1.713973e+00	7.932458e+00	-2.026794e-03	5.419616e-02
5.485009296699559e-08	1.244869e+01	5.752951e-02	1.724070e+00	7.964839e+00	-2.039512e-03	5.422392e-02
5.512748572046772e-08	1.245231e+01	4.968777e-02	1.737150e+00	8.006906e+00	-2.055952e-03	5.424935e-02
5.543879810883296e-08	1.245635e+01	4.319947e-02	1.751806e+00	8.054117e+00	-2.074326e-03	5.425300e-02
5.587727471302315e-08	1.246202e+01	3.649349e-02	1.772412e+00	8.120478e+00	-2.100076e-03	5.423395e-02
5.636295355865121e-08	1.246825e+01	3.107270e-02	1.795183e+00	8.193606e+00	-2.128419e-03	5.420296e-02
5.701870977166779e-08	1.247661e+01	2.580141e-02	1.825844e+00	8.291480e+00	-2.166399e-03	5.416828e-02
5.770270446919555e-08	1.248524e+01	2.183869e-02	1.857718e+00	8.392135e+00	-2.205654e-03	5.414667e-02
5.862478091830978e-08	1.249676e+01	1.801390e-02	1.900518e+00	8.525135e+00	-2.258008e-03	5.412441e-02
5.956668952440979e-08	1.250838e+01	1.520261e-02	1.944035e+00	8.657136e+00	-2.310802e-03	5.420490e-02
6.086611328355402e-08	1.252416e+01	1.242931e-02	2.003745e+00	8.832452e+00	-2.382556e-03	5.441022e-02
6.214207143465277e-08	1.253939e+01	1.046440e-02	2.062000e+00	8.996111e+00	-2.451763e-03	5.449789e-02
6.393070909085160e-08	1.256029e+01	8.490150e-03	2.143058e+00	9.211563e+00	-2.546794e-03	5.450686e-02
6.565681719491957e-08	1.258000e+01	7.101925e-03	2.220618e+00	9.403996e+00	-2.636342e-03	5.441904e-02
6.786968540564067e-08	1.260456e+01	5.813471e-03	2.319082e+00	9.628484e+00	-2.748017e-03	5.430422e-02
7.018612547023478e-08	1.262951e+01	4.817959e-03	2.421046e+00	9.839235e+00	-2.861388e-03	5.433705e-02
7.281417628699755e-08	1.265682e+01	3.984855e-03	2.535312e+00	1.004941e+01	-2.985555e-03	5.437294e-02
7.578927167988379e-08	1.268652e+01	3.285208e-03	2.662872e+00	1.025418e+01	-3.120555e-03	5.436953e-02
7.938591266704296e-08	1.272083e+01	2.657966e-03	2.814706e+00	1.046277e+01	-3.276516e-03	5.436440e-02
8.298156968453663e-08	1.275328e+01	2.201594e-03	2.963664e+00	1.063209e+01	-3.423985e-03	5.443397e-02
8.838788630412400e-08	1.279901e+01	1.711798e-03	3.182884e+00	1.083177e+01	-3.631863e-03	5.453767e-02
9.349954006398829e-08	1.283909e+01	1.385403e-03	3.385084e+00	1.097488e+01	-3.814040e-03	5.453916e-02
9.990206265028451e-08	1.288453e+01	1.109127e-03	3.631249e+00	1.110476e+01	-4.020574e-03	5.454041e-02
1.063571269766606e-07	1.290894e+01	9.178841e-04	3.870977e+00	1.119978e+01	-4.131522e-03	5.454128e-02
1.117542865241261e-07	1.280281e+01	8.070762e-04	4.054737e+00	1.125763e+01	-3.641604e-03	5.454179e-02
1.162542515504673e-07	1.237470e+01	7.405143e-04	4.172256e+00	1.129397e+01	-1.689417e-03	5.454209e-02
1.206196419221368e-07	1.147927e+01	6.919752e-04	4.234646e+00	1.132159e+01	2.406451e-03	5.454231e-02
1.250483799745547e-07	1.025404e+01	6.541714e-04	4.255741e+00	1.134400e+01	8.001992e-03	5.454248e-02
1.296222802059530e-07	8.993055e+00	6.247838e-04	4.258336e+00	1.136229e+01	1.370743e-02	5.454262e-02
1.363304404338504e-07	7.426381e+00	5.932436e-04	4.254783e+00	1.138307e+01	2.078729e-02	5.454276e-02
1.430868532435422e-07	6.224418e+00	5.709670e-04	4.248829e+00	1.139879e+01	2.620673e-02	5.454286e-02
1.517839127085809e-07	5.157970e+00	5.520257e-04	4.240327e+00	1.141337e+01	3.096528e-02	5.454294e-02
1.609544802736597e-07	4.426290e+00	5.393153e-04	4.233596e+00	1.142421e+01	3.429195e-02	5.454300e-02
1.729654792812169e-07	3.793361e+00	5.292926e-04	4.229426e+00	1.143390e+01	3.725720e-02	5.454305e-02
1.851150476364337e-07	3.308294e+00	5.234130e-04	4.228615e+00	1.144046e+01	3.950371e-02	5.454308e-02
2.016627322691059e-07	2.741501e+00	5.190476e-04	4.229614e+00	1.144631e+01	4.208406e-02	5.454310e-02
2.187389404465906e-07	2.193196e+00	5.166046e-04	4.231490e+00	1.145034e+01	4.457638e-02	5.454310e-02
2.382701904465906e-07	1.583562e+00	5.151364e-04	4.234217e+00	1.145347e+01	4.734745e-02	5.454311e-02
2.578014404465905e-07	9.805474e-01	5.143252e-04	4.237511e+00	1.145575e+01	5.008842e-02	5.454312e-02
2.773326904465905e-07	3.809274e-01	5.138391e-04	4.241586e+00	1.145756e+01	5.281552e-02	5.454312e-02
2.855673104547024e-07	1.430167e-01	5.136763e-04	4.251237e+00	1.145822e+01	5.389709e-02	5.454312e-02
2.896024508782317e-07	5.393462e-02	5.136626e-04	4.270856e+00	1.145852e+01	5.430013e-02	5.454312e-02
2.910226271715915e-07	3.757347e-02	5.136036e-04	4.285868e+00	1.145863e+01	5.436876e-02	5.454312e-02
2.922786620125135e-07	3.149213e-02	5.135972e-04	4.303652e+00	1.145872e+01	5.439128e-02	5.454312e-02
2.933878447636782e-07	2.797932e-02	5.135881e-04	4.320321e+00	1.145879e+01	5.441139e-02	5.454312e-02
2.946662522777333e-07	2.489230e-02	5.135570e-04	4.340002e+00	1.145889e+01	5.443104e-02	5.454312e-02
2.960640053575578e-07	2.218864e-02	5.135504e-04	4.361822e+00	1.145898e+01	5.444370e-02	5.454312e-02
2.975932585659820e-07	1.981403e-02	5.135216e-04	4.385935e+00	1.145909e+01	5.445449e-02	5.454312e-02
2.994060337282031e-07	1.756724e-02	5.135123e-04	4.414719e+00	1.145921e+01	5.446446e-02	5.454312e-02
3.015727076121671e-07	1.545576e-02	5.134786e-04	4.449279e+00	1.145936e+01	5.447347e-02	5.454312e-02
3.043101374161311e-07	1.341655e-02	5.134594e-04	4.493037e+00	1.145954e+01	5.448131e-02	5.454312e-02
3.079871039743154e-07	1.139659e-02	5.134154e-04	4.551774e+00	1.145978e+01	5.448716e-02	5.454312e-02
3.128936615372354e-07	9.459754e-03	5.133738e-04	4.629859e+00	1.146009e+01	5.449174e-02	5.454312e-02
3.181266241093921e-07	7.996882e-03	5.133268e-04	4.712562e+00	1.146042e+01	5.449666e-02	5.454312e-02
3.243496222393477e-07	6.772481e-03	5.132802e-04	4.809929e+00	1.146079e+01	5.450132e-02	5.454312e-02
3.316752369444834e-07	5.747067e-03	5.132254e-04	4.923073e+00	1.146122e+01	5.450405e-02	5.454312e-02
3.403515309033168e-07	4.883899e-03	5.131703e-04	5.054916e+00	1.146171e+01	5.450536e-02	5.454312e-02
3.506984209482009e-07	4.151610e-03	5.131078e-04	5.209054e+00	1.146228e+01	5.450573e-02	5.454312e-02
3.627918702199050e-07	3.543355e-03	5.130449e-04	5.384912e+00	1.146292e+01	5.450506e-02	5.454312e-02
3.775394000235120e-07	3.016287e-03	5.129738e-04	5.593270e+00	1.146367e+01	5.450337e-02	5.454312e-02
3.944732507909036e-07	2.584580e-03	5.129020e-04	5.824532e+00	1.146449e+01	5.450258e-02	5.454312e-02
4.140045007909036e-07	2.225463e-03	5.128261e-04	6.081282e+00	1.146541e+01	5.450575e-02	5.454312e-02
4.335357507909036e-07	1.959880e-03	5.127569e-04	6.327745e+00	1.146628e+01	5.451388e-02	5.454312e-02
4.530670007909036e-07	1.757896e-03	5.126927e-04	6.563974e+00	1.146713e+01	5.452269e-02	5.454313e-02
4.725982507909036e-07	1.599070e-03	5.126327e-04	6.790383e+00	1.146794e+01	5.452859e-02	5.454313e-02
4.921295007909037e-07	1.470949e-03	5.125760e-04	7.007375e+00	1.146873e+01	5.453223e-02	5.454312e-02
5.116607507909037e-07	1.365479e-03	5.125222e-04	7.215338e+00	1.146949e+01	5.453463e-02	5.454312e-02
5.311920007909038e-07	1.277199e-03	5.124708e-04	7.414645e+00	1.147023e+01	5.453629e-02	5.454312e-02
5.507232507909038e-07	1.202278e-03	5.124216e-04	7.605655e+00	1.147094e+01	5.453749e-02	5.454312e-02
5.702545007909039e-07	1.137945e-03	5.123744e-04	7.788713e+00	1.147164e+01	5.453838e-02	5.454312e-02
5.897857507909039e-07	1.082148e-03	5.123290e-04	7.964148e+00	1.147231e+01	5.453907e-02	5.454312e-02
6.093170007909040e-07	1.033333e-03	5.122853e-04	8.132277e+00	1.147297e+01	5.453961e-02	5.454312e-02
6.288482507909040e-07	9.903006e-04	5.122432e-04	8.293404e+00	1.147361e+01	5.454004e-02	5.454313e-02
6.483795007909041e-07	9.521130e-04	5.122024e-04	8.447819e+00	1.147424e+01	5.454040e-02	5.454313e-02
6.679107507909041e-07	9.180241e-04	5.121631e-04	8.595803e+00	1.147485e+01	5.454069e-02	5.454313e-02
6.874420007909042e-07	8.874331e-04	5.121250e-04	8.737624e+00	1.147544e+01	5.454094e-02	5.454313e-02
7.265045007909043e-07	8.348771e-04	5.120522e-04	9.003789e+00	1.147659e+01	5.454133e-02	5.454313e-02
7.850982507909044e-07	7.725229e-04	5.119509e-04	9.362884e+00	1.147822e+01	5.454174e-02	5.454313e-02
8.436920007909046e-07	7.243750e-04	5.118575e-04	9.678944e+00	1.147975e+01	5.454204e-02	5.454313e-02
9.022857507909047e-07	6.863521e-04	5.117711e-04	9.957127e+00	1.148120e+01	5.454225e-02	5.454313e-02
9.608795007909049e-07	6.557892e-04	5.116906e-04	1.020197e+01	1.148256e+01	5.454242e-02	5.454313e-02
1.019473250790905e-06	6.308719e-04	5.116152e-04	1.041747e+01	1.148385e+01	5.454255e-02	5.454313e-02
1.078067000790905e-06	6.103214e-04	5.115445e-04	1.060714e+01	1.148508e+01	5.454266e-02	5.454313e-02
1.136660750790905e-06	5.932106e-04	5.114779e-04	1.077408e+01	1.148626e+01	5.454274e-02	5.454313e-02
1.195254500790906e-06	5.788506e-04	5.114148e-04	1.092101e+01	1.148738e+01	5.454281e-02	5.454313e-02
1.253848250790906e-06	5.667191e-04	5.113551e-04	1.105033e+01	1.148845e+01	5.454287e-02	5.454313e-02
1.312442000790906e-06	5.564126e-04	5.112982e-04	1.116416e+01	1.148948e+01	5.454292e-02	5.454313e-02
1.371035750790906e-06	5.476149e-04	5.112441e-04	1.126434e+01	1.149047e+01	5.454296e-02	5.454313e-02
1.429629500790906e-06	5.400747e-04	5.111923e-04	1.135251e+01	1.149142e+01	5.454300e-02	5.454313e-02
1.488223250790906e-06	5.335896e-04	5.111429e-04	1.143011e+01	1.149234e+01	5.454303e-02	5.454313e-02
1.546817000790906e-06	5.279954e-04	5.110954e-04	1.149842e+01	1.149323e+01	5.454306e-02	5.454313e-02
1.605410750790907e-06	5.231573e-04	5.110498e-04	1.155853e+01	1.149408e+01	5.454308e-02	5.454313e-02
1.664004500790907e-06	5.189636e-04	5.110060e-04	1.161145e+01	1.149491e+01	5.454309e-02	5.454313e-02
1.722598250790907e-06	5.153216e-04	5.109638e-04	1.165802e+01	1.149572e+01	5.454311e-02	5.454313e-02
1.781192000790907e-06	5.121534e-04	5.109231e-04	1.169901e+01	1.149649e+01	5.454313e-02	5.454313e-02
1.839785750790907e-06	5.093933e-04	5.108838e-04	1.173508e+01	1.149725e+01	5.454314e-02	5.454313e-02
1.898379500790907e-06	5.069856e-04	5.108458e-04	1.176683e+01	1.149798e+01	5.454315e-02	5.454313e-02
1.956973250790908e-06	5.048831e-04	5.108090e-04	1.179478e+01	1.149870e+01	5.454316e-02	5.454313e-02
2.015567000790908e-06	5.030454e-04	5.107734e-04	1.181938e+01	1.149939e+01	5.454317e-02	5.454313e-02
2.074160750790908e-06	5.014376e-04	5.107388e-04	1.184103e+01	1.150006e+01	5.454317e-02	5.454313e-02
2.132754500790908e-06	5.000300e-04	5.107053e-04	1.186008e+01	1.150072e+01	5.454318e-02	5.454313e-02
2.191348250790908e-06	4.987969e-04	5.106727e-04	1.187685e+01	1.150136e+01	5.454319e-02	5.454313e-02
2.249942000790908e-06	4.977160e-04	5.106410e-04	1.189161e+01	1.150199e+01	5.454319e-02	5.454313e-02
2.308535750790908e-06	4.967680e-04	5.106102e-04	1.190460e+01	1.150260e+01	5.454320e-02	5.454313e-02
2.367129500790909e-06	4.959364e-04	5.105802e-04	1.191603e+01	1.150320e+01	5.454320e-02	5.454313e-02
2.425723250790909e-06	4.952064e-04	5.105510e-04	1.192610e+01	1.150378e+01	5.454320e-02	5.454313e-02
2.484317000790909e-06	4.945655e-04	5.105225e-04	1.193496e+01	1.150435e+01	5.454320e-02	5.454313e-02
2.542910750790909e-06	4.940026e-04	5.104947e-04	1.194275e+01	1.150491e+01	5.454321e-02	5.454313e-02
2.601504500790909e-06	4.935081e-04	5.104676e-04	1.194961e+01	1.150546e+01	5.454321e-02	5.454313e-02
2.660098250790909e-06	4.930736e-04	5.104410e-04	1.195565e+01	1.150599e+01	5.454321e-02	5.454313e-02
2.718692000790910e-06	4.926917e-04	5.104151e-04	1.196097e+01	1.150651e+01	5.454322e-02	5.454314e-02
2.777285750790910e-06	4.923560e-04	5.103898e-04	1.196565e+01	1.150703e+01	5.454322e-02	5.454314e-02
2.835879500790910e-06	4.920609e-04	5.103650e-04	1.196976e+01	1.150753e+01	5.454322e-02	5.454314e-02
2.894473250790910e-06	4.918015e-04	5.103408e-04	1.197339e+01	1.150802e+01	5.454322e-02	5.454314e-02
2.953067000790910e-06	4.915732e-04	5.103170e-04	1.197658e+01	1.150851e+01	5.454322e-02	5.454314e-02
3.011660750790910e-06	4.913726e-04	5.102938e-04	1.197938e+01	1.150898e+01	5.454322e-02	5.454314e-02
3.070254500790910e-06	4.911961e-04	5.102711e-04	1.198186e+01	1.150945e+01	5.454322e-02	5.454314e-02
3.128848250790911e-06	4.910408e-04	5.102487e-04	1.198403e+01	1.150991e+01	5.454322e-02	5.454314e-02
3.187442000790911e-06	4.909043e-04	5.102268e-04	1.198594e+01	1.151036e+01	5.454322e-02	5.454314e-02
3.246035750790911e-06	4.907841e-04	5.102053e-04	1.198763e+01	1.151080e+01	5.454322e-02	5.454314e-02
3.304629500790911e-06	4.906784e-04	5.101842e-04	1.198911e+01	1.151124e+01	5.454322e-02	5.454314e-02
3.363223250790911e-06	4.905854e-04	5.101635e-04	1.199042e+01	1.151166e+01	5.454322e-02	5.454314e-02
3.421817000790911e-06	4.905036e-04	5.101432e-04	1.199157e+01	1.151208e+01	5.454323e-02	5.454314e-02
3.480410750790911e-06	4.904316e-04	5.101232e-04	1.199258e+01	1.151250e+01	5.454323e-02	5.454314e-02
3.539004500790912e-06	4.903682e-04	5.101036e-04	1.199347e+01	1.151291e+01	5.454323e-02	5.454314e-02
3.597598250790912e-06	4.903125e-04	5.100843e-04	1.199425e+01	1.151331e+01	5.454323e-02	5.454314e-02
3.656192000790912e-06	4.902634e-04	5.100653e-04	1.199494e+01	1.151370e+01	5.454323e-02	5.454314e-02
3.714785750790912e-06	4.902202e-04	5.100467e-04	1.199555e+01	1.151409e+01	5.454323e-02	5.454314e-02
3.773379500790912e-06	4.901822e-04	5.100283e-04	1.199608e+01	1.151448e+01	5.454323e-02	5.454314e-02
3.831973250790912e-06	4.901488e-04	5.100102e-04	1.199655e+01	1.151485e+01	5.454323e-02	5.454314e-02
3.890567000790912e-06	4.901193e-04	5.099925e-04	1.199696e+01	1.151523e+01	5.454323e-02	5.454314e-02
3.949160750790912e-06	4.900934e-04	5.099750e-04	1.199733e+01	1.151559e+01	5.454323e-02	5.454314e-02
4.007754500790912e-06	4.900707e-04	5.099577e-04	1.199765e+01	1.151595e+01	5.454323e-02	5.454314e-02
4.066348250790913e-06	4.900506e-04	5.099407e-04	1.199793e+01	1.151631e+01	5.454323e-02	5.454314e-02
4.124942000790913e-06	4.900330e-04	5.099240e-04	1.199818e+01	1.151666e+01	5.454323e-02	5.454314e-02
4.183535750790913e-06	4.900174e-04	5.099075e-04	1.199840e+01	1.151701e+01	5.454323e-02	5.454314e-02
4.242129500790913e-06	4.900037e-04	5.098913e-04	1.199859e+01	1.151735e+01	5.454323e-02	5.454314e-02
4.300723250790913e-06	4.899917e-04	5.098752e-04	1.199876e+01	1.151769e+01	5.454323e-02	5.454314e-02
4.359317000790913e-06	4.899811e-04	5.098595e-04	1.199891e+01	1.151803e+01	5.454323e-02	5.454314e-02
4.417910750790914e-06	4.899718e-04	5.098439e-04	1.199904e+01	1.151835e+01	5.454323e-02	5.454314e-02
4.476504500790914e-06	4.899636e-04	5.098286e-04	1.199915e+01	1.151868e+01	5.454323e-02	5.454314e-02
4.535098250790914e-06	4.899564e-04	5.098134e-04	1.199925e+01	1.151900e+01	5.454323e-02	5.454314e-02
4.593692000790914e-06	4.899500e-04	5.097984e-04	1.199934e+01	1.151932e+01	5.454323e-02	5.454314e-02
4.652285750790914e-06	4.899444e-04	5.097837e-04	1.199942e+01	1.151963e+01	5.454323e-02	5.454314e-02
4.710879500790914e-06	4.899395e-04	5.097691e-04	1.199949e+01	1.151994e+01	5.454323e-02	5.454314e-02
4.769473250790914e-06	4.899352e-04	5.097547e-04	1.199955e+01	1.152025e+01	5.454323e-02	5.454314e-02
4.828067000790915e-06	4.899313e-04	5.097405e-04	1.199961e+01	1.152055e+01	5.454323e-02	5.454314e-02
4.886660750790915e-06	4.899280e-04	5.097265e-04	1.199965e+01	1.152085e+01	5.454323e-02	5.454314e-02
4.945254500790915e-06	4.899250e-04	5.097126e-04	1.199969e+01	1.152115e+01	5.454323e-02	5.454314e-02
5.003848250790915e-06	4.899225e-04	5.096989e-04	1.199973e+01	1.152144e+01	5.454323e-02	5.454314e-02
5.009449073462353e-06	4.899220e-04	5.096983e-04	1.199973e+01	1.152147e+01	5.454323e-02	5.454314e-02
5.015049896133791e-06	4.899216e-04	5.096973e-04	1.199974e+01	1.152149e+01	5.454323e-02	5.454314e-02
5.020650718805230e-06	4.899213e-04	5.096961e-04	1.199974e+01	1.152152e+01	5.454323e-02	5.454314e-02
5.026251541476669e-06	4.899212e-04	5.096946e-04	1.199974e+01	1.152155e+01	5.454323e-02	5.454314e-02
5.031852364148107e-06	4.899211e-04	5.096929e-04	1.199975e+01	1.152158e+01	5.454323e-02	5.454314e-02
5.037453186819545e-06	4.899212e-04	5.096909e-04	1.199975e+01	1.152160e+01	5.454323e-02	5.454314e-02
5.043054009490983e-06	4.899213e-04	5.096886e-04	1.199975e+01	1.152163e+01	5.454323e-02	5.454314e-02
5.050000000000000e-06	4.899357e-04	5.101354e-04	1.199976e+01	1.152167e+01	5.454323e-02	5.454314e-02
5.050015281525831e-06	4.898862e-04	5.097783e-04	1.199969e+01	1.152166e+01	5.454323e-02	5.454314e-02
5.050045844577493e-06	4.897039e-04	5.095844e-04	1.199954e+01	1.152164e+01	5.454323e-02	5.454314e-02
5.050106970680818e-06	4.892565e-04	5.095366e-04	1.199925e+01	1.152156e+01	5.454323e-02	5.454314e-02
5.050184544796874e-06	4.886808e-04	5.093336e-04	1.199888e+01	1.152142e+01	5.454323e-02	5.454314e-02
5.050255076237654e-06	4.881576e-04	5.090802e-04	1.199854e+01	1.152126e+01	5.454323e-02	5.454314e-02
5.050349754370355e-06	4.874552e-04	5.086903e-04	1.199808e+01	1.152101e+01	5.454324e-02	5.454314e-02
5.050477606032202e-06	4.865079e-04	5.080951e-04	1.199745e+01	1.152064e+01	5.454324e-02	5.454315e-02
5.050733309355895e-06	4.846147e-04	5.067883e-04	1.199615e+01	1.151981e+01	5.454325e-02	5.454315e-02
5.051187373290339e-06	4.812602e-04	5.042782e-04	1.199375e+01	1.151815e+01	5.454327e-02	5.454316e-02
5.052095501159228e-06	4.745758e-04	4.990550e-04	1.198858e+01	1.151443e+01	5.454330e-02	5.454319e-02
5.053728548688841e-06	4.626319e-04	4.897465e-04	1.197805e+01	1.150687e+01	5.454335e-02	5.454323e-02
5.056617763684547e-06	4.417024e-04	4.742076e-04	1.195584e+01	1.149142e+01	5.454345e-02	5.454330e-02
5.060961190397006e-06	4.105878e-04	4.530894e-04	1.191538e+01	1.146469e+01	5.454359e-02	5.454339e-02
5.065040126172131e-06	3.816757e-04	4.355296e-04	1.186984e+01	1.143622e+01	5.454372e-02	5.454348e-02
5.068504447602077e-06	3.573277e-04	4.217241e-04	1.182457e+01	1.140886e+01	5.454383e-02	5.454354e-02
5.071949864081903e-06	3.332340e-04	4.043799e-04	1.177435e+01	1.137641e+01	5.454394e-02	5.454362e-02
5.073189743898071e-06	3.245850e-04	3.751223e-04	1.175491e+01	1.134908e+01	5.454398e-02	5.454375e-02
5.074023969294286e-06	3.187726e-04	3.044896e-04	1.174121e+01	1.129751e+01	5.454401e-02	5.454407e-02
5.074552905294092e-06	3.150885e-04	2.079017e-04	1.173232e+01	1.123097e+01	5.454402e-02	5.454451e-02
5.075177129509471e-06	3.107417e-04	4.617305e-05	1.172165e+01	1.111992e+01	5.454404e-02	5.454524e-02
5.075580184058882e-06	3.079352e-04	-7.071687e-05	1.171466e+01	1.103794e+01	5.454405e-02	5.454578e-02
5.075983911731446e-06	3.051241e-04	-1.895349e-04	1.170756e+01	1.095168e+01	5.454407e-02	5.454632e-02
5.076524505833815e-06	3.013601e-04	-3.388537e-04	1.169792e+01	1.083766e+01	5.454408e-02	5.454700e-02
5.077294045022563e-06	2.960013e-04	-5.220094e-04	1.168392e+01	1.068556e+01	5.454411e-02	5.454783e-02
5.078499378139637e-06	2.876046e-04	-7.428407e-04	1.166139e+01	1.047396e+01	5.454415e-02	5.454884e-02
5.080170881274423e-06	2.759511e-04	-9.552207e-04	1.162905e+01	1.022038e+01	5.454420e-02	5.454981e-02
5.081985341081205e-06	2.632824e-04	-1.108545e-03	1.159251e+01	9.977984e+00	5.454426e-02	5.455050e-02
5.083907457874606e-06	2.498301e-04	-1.225734e-03	1.155202e+01	9.739481e+00	5.454432e-02	5.455103e-02
5.086203740179274e-06	2.336952e-04	-1.346012e-03	1.150112e+01	9.460944e+00	5.454439e-02	5.455158e-02
5.089466783587524e-06	2.105967e-04	-1.516036e-03	1.142392e+01	9.063253e+00	5.454450e-02	5.455235e-02
5.094635676601529e-06	1.735499e-04	-1.810735e-03	1.129188e+01	8.423980e+00	5.454466e-02	5.455368e-02
5.099999999999999e-06	1.346270e-04	-2.148932e-03	1.114622e+01	7.752270e+00	5.454484e-02	5.455522e-02
5.100389380832771e-06	1.347914e-04	-2.171366e-03	1.113678e+01	7.705432e+00	5.454483e-02	5.455531e-02
5.101168142498313e-06	1.352687e-04	-2.207668e-03	1.111791e+01	7.615707e+00	5.454483e-02	5.455548e-02
5.102725665829397e-06	1.363380e-04	-2.257334e-03	1.108029e+01	7.448043e+00	5.454484e-02	5.455571e-02
5.105496005719065e-06	1.382583e-04	-2.319738e-03	1.101367e+01	7.168801e+00	5.454483e-02	5.455600e-02
5.108581270703323e-06	1.404283e-04	-2.384610e-03	1.093999e+01	6.876722e+00	5.454482e-02	5.455630e-02
5.113866420141787e-06	1.442347e-04	-2.522814e-03	1.081516e+01	6.414753e+00	5.454480e-02	5.455692e-02
5.122997177054254e-06	1.510204e-04	-2.872941e-03	1.060258e+01	5.692747e+00	5.454477e-02	5.455851e-02
5.132151078855415e-06	1.580785e-04	-3.454118e-03	1.039303e+01	5.048812e+00	5.454474e-02	5.456115e-02
5.139561152819744e-06	1.640089e-04	-4.296134e-03	1.022626e+01	4.585927e+00	5.454471e-02	5.456498e-02
5.145003801704850e-06	1.685040e-04	-5.429250e-03	1.010549e+01	4.277812e+00	5.454469e-02	5.457013e-02
5.148994239305220e-06	1.718810e-04	-6.947960e-03	1.001791e+01	4.067974e+00	5.454467e-02	5.457704e-02
5.152022100699178e-06	1.744910e-04	-9.037147e-03	9.951984e+00	3.917039e+00	5.454466e-02	5.458653e-02
5.154430953244618e-06	1.765973e-04	-1.203138e-02	9.899865e+00	3.801527e+00	5.454465e-02	5.460014e-02
5.156453085296509e-06	1.783861e-04	-1.653433e-02	9.856333e+00	3.707199e+00	5.454464e-02	5.459245e-02
5.158240629523832e-06	1.799831e-04	-2.359577e-02	9.818016e+00	3.625260e+00	5.454464e-02	5.459086e-02
5.159880997626651e-06	1.814615e-04	-3.489944e-02	9.782986e+00	3.550524e+00	5.454463e-02	5.471161e-02
5.161332365572362e-06	1.827805e-04	-5.174470e-02	9.752101e+00	3.483879e+00	5.454462e-02	5.486467e-02
5.162956534968787e-06	1.842689e-04	-7.904135e-02	9.717661e+00	3.408083e+00	5.454462e-02	5.494944e-02
5.164762719655050e-06	1.859387e-04	-1.149799e-01	9.679506e+00	3.323069e+00	5.454461e-02	5.505916e-02
5.166790912158241e-06	1.878325e-04	-1.560168e-01	9.636841e+00	3.228689e+00	5.454460e-02	5.524995e-02
5.169011595055446e-06	1.899344e-04	-1.973149e-01	9.590391e+00	3.129559e+00	5.454459e-02	5.544234e-02
5.173452960849855e-06	1.942368e-04	-2.659738e-01	9.498373e+00	2.947744e+00	5.454457e-02	5.575442e-02
5.182335692438675e-06	2.032383e-04	-3.602956e-01	9.317617e+00	2.639001e+00	5.454453e-02	5.618316e-02
5.200101155616313e-06	2.224528e-04	-4.536119e-01	8.965251e+00	2.150604e+00	5.454444e-02	5.660733e-02
5.216343235534240e-06	2.415316e-04	-4.601961e-01	8.653165e+00	1.816475e+00	5.454436e-02	5.663725e-02
5.231911033032024e-06	2.616872e-04	-4.024887e-01	8.364762e+00	1.588650e+00	5.454427e-02	5.637495e-02
5.249366238160729e-06	2.866540e-04	-2.853874e-01	8.052773e+00	1.405575e+00	5.454415e-02	5.584267e-02
5.265865628544126e-06	3.128873e-04	-1.351389e-01	7.768358e+00	1.282369e+00	5.454403e-02	5.515972e-02
5.282876204000968e-06	3.431035e-04	5.323742e-02	7.485627e+00	1.192861e+00	5.454389e-02	5.430347e-02
5.298756816183591e-06	3.749644e-04	2.558611e-01	7.231389e+00	1.133850e+00	5.454375e-02	5.338245e-02
5.318288066183591e-06	4.197868e-04	5.369024e-01	6.930711e+00	1.082131e+00	5.454355e-02	5.210499e-02
5.337819316183591e-06	4.718341e-04	8.544631e-01	6.641969e+00	1.042959e+00	5.454394e-02	5.064032e-02
5.357350566183591e-06	5.333548e-04	1.222522e+00	6.365262e+00	1.009698e+00	5.454429e-02	4.894610e-02
5.376881816183591e-06	6.071100e-04	1.660728e+00	6.100091e+00	9.766420e-01	5.454333e-02	4.697544e-02
5.396413066183591e-06	6.971220e-04	2.184977e+00	5.845976e+00	9.412843e-01	5.454229e-02	4.461370e-02
5.415944316183591e-06	8.094200e-04	2.794732e+00	5.602461e+00	9.045264e-01	5.454351e-02	4.183466e-02
5.435475566183591e-06	9.533429e-04	3.472130e+00	5.369108e+00	8.688397e-01	5.454700e-02	3.874678e-02
5.455006816183591e-06	1.144295e-03	4.190883e+00	5.145502e+00	8.361577e-01	5.455042e-02	3.548575e-02
5.474538066183592e-06	1.410034e-03	4.924210e+00	4.931252e+00	8.072442e-01	5.455452e-02	3.216110e-02
5.494069316183592e-06	1.805407e-03	5.648659e+00	4.725996e+00	7.820437e-01	5.455253e-02	2.886946e-02
5.513600566183592e-06	2.459137e-03	6.345794e+00	4.529428e+00	7.601206e-01	5.454011e-02	2.570083e-02
5.533131816183592e-06	3.614598e-03	7.006224e+00	4.340746e+00	7.407891e-01	5.452902e-02	2.269898e-02
5.546889734045944e-06	5.134585e-03	7.444143e+00	4.212749e+00	7.285290e-01	5.452212e-02	2.070844e-02
5.557474491817158e-06	7.319142e-03	7.762044e+00	4.117615e+00	7.198408e-01	5.452216e-02	1.926335e-02
5.566153520740138e-06	1.057284e-02	8.010169e+00	4.042109e+00	7.131258e-01	5.452131e-02	1.813539e-02
5.573661680688509e-06	1.555901e-02	8.215841e+00	3.979131e+00	7.075787e-01	5.449037e-02	1.720053e-02
5.579964345243278e-06	2.280463e-02	8.382263e+00	3.928704e+00	7.030908e-01	5.444016e-02	1.644417e-02
5.584726112230600e-06	3.230849e-02	8.504166e+00	3.893252e+00	6.997984e-01	5.439585e-02	1.589013e-02
5.588398966947879e-06	4.577694e-02	8.595626e+00	3.869523e+00	6.973218e-01	5.435692e-02	1.547442e-02
5.593078749009105e-06	7.362042e-02	8.709266e+00	3.845366e+00	6.942347e-01	5.426926e-02	1.495787e-02
5.597298873913136e-06	1.081013e-01	8.809041e+00	3.828866e+00	6.915129e-01	5.411152e-02	1.450433e-02
5.602830755506223e-06	1.625689e-01	8.935864e+00	3.812490e+00	6.880336e-01	5.383705e-02	1.392785e-02
5.608888841453265e-06	2.293557e-01	9.069216e+00	3.798654e+00	6.843425e-01	5.351886e-02	1.332171e-02
5.619738275782227e-06	3.595470e-01	9.294803e+00	3.780029e+00	6.780073e-01	5.292105e-02	1.229624e-02
5.633830219320548e-06	5.392672e-01	9.565063e+00	3.762119e+00	6.702335e-01	5.210723e-02	1.106766e-02
5.653361469320548e-06	7.989311e-01	9.901823e+00	3.743690e+00	6.601924e-01	5.092154e-02	9.536803e-03
5.672892719320548e-06	1.064251e+00	1.019876e+01	3.728823e+00	6.509044e-01	4.971023e-02	8.186741e-03
5.692423969320548e-06	1.331657e+00	1.045670e+01	3.715400e+00	6.423463e-01	4.849375e-02	7.014201e-03
5.711955219320548e-06	1.598583e+00	1.067987e+01	3.701781e+00	6.344403e-01	4.727934e-02	5.999980e-03
5.731486469320548e-06	1.863658e+00	1.087231e+01	3.686883e+00	6.271205e-01	4.607456e-02	5.125404e-03
5.751017719320548e-06	2.126334e+00	1.103778e+01	3.669857e+00	6.203294e-01	4.488081e-02	4.373414e-03
5.770548969320548e-06	2.386851e+00	1.117970e+01	3.649889e+00	6.140169e-01	4.369678e-02	3.728388e-03
5.790080219320548e-06	2.646473e+00	1.130119e+01	3.626043e+00	6.081385e-01	4.251643e-02	3.176236e-03
5.809611469320548e-06	2.908024e+00	1.140501e+01	3.597074e+00	6.026550e-01	4.132565e-02	2.704386e-03
5.829142719320548e-06	3.176822e+00	1.149360e+01	3.561159e+00	5.975316e-01	4.009536e-02	2.301731e-03
5.848673969320548e-06	3.462112e+00	1.156911e+01	3.515530e+00	5.927370e-01	3.879324e-02	1.958540e-03
5.868205219320548e-06	3.778006e+00	1.163341e+01	3.456288e+00	5.882437e-01	3.736576e-02	1.666310e-03
5.887736469320548e-06	4.140658e+00	1.168812e+01	3.379286e+00	5.840268e-01	3.572426e-02	1.417647e-03
5.907267719320548e-06	4.560217e+00	1.173464e+01	3.282281e+00	5.800641e-01	3.379939e-02	1.206194e-03
5.926798969320548e-06	5.034078e+00	1.177417e+01	3.166488e+00	5.763355e-01	3.162207e-02	1.026492e-03
5.946330219320548e-06	5.548354e+00	1.180775e+01	3.035837e+00	5.728231e-01	2.929547e-02	8.738411e-04
5.965861469320548e-06	6.084177e+00	1.183627e+01	2.895131e+00	5.695104e-01	2.688217e-02	7.442043e-04
5.985392719320548e-06	6.622841e+00	1.186049e+01	2.748789e+00	5.663827e-01	2.444035e-02	6.341276e-04
6.004923969320549e-06	7.148805e+00	1.188105e+01	2.600333e+00	5.634266e-01	2.205040e-02	5.406704e-04
6.024455219320549e-06	7.650704e+00	1.189851e+01	2.452362e+00	5.606297e-01	1.976846e-02	4.613266e-04
6.043986469320549e-06	8.121000e+00	1.191333e+01	2.306746e+00	5.579808e-01	1.763022e-02	3.939626e-04
6.063517719320549e-06	8.555305e+00	1.192591e+01	2.164821e+00	5.554697e-01	1.565589e-02	3.367641e-04
6.083048969320549e-06	8.951667e+00	1.193660e+01	2.027528e+00	5.530868e-01	1.385427e-02	2.881892e-04
6.102580219320549e-06	9.309942e+00	1.194567e+01	1.895522e+00	5.508235e-01	1.222591e-02	2.469285e-04
6.122111469320549e-06	9.631260e+00	1.195339e+01	1.769240e+00	5.486715e-01	1.076559e-02	2.118707e-04
6.141642719320549e-06	9.917587e+00	1.195994e+01	1.648951e+00	5.466236e-01	9.464338e-03	1.820731e-04
6.161173969320549e-06	1.017140e+01	1.196552e+01	1.534797e+00	5.446728e-01	8.310842e-03	1.567361e-04
6.180705219320549e-06	1.039545e+01	1.197026e+01	1.426819e+00	5.428128e-01	7.292636e-03	1.351817e-04
6.200236469320549e-06	1.059255e+01	1.197430e+01	1.324976e+00	5.410376e-01	6.396888e-03	1.168355e-04
6.219767719320549e-06	1.076548e+01	1.197773e+01	1.229166e+00	5.393416e-01	5.610970e-03	1.012103e-04
6.239298969320549e-06	1.091689e+01	1.198066e+01	1.139241e+00	5.377200e-01	4.922830e-03	8.789368e-05
6.258830219320549e-06	1.104927e+01	1.198316e+01	1.055011e+00	5.361678e-01	4.321218e-03	7.653586e-05
6.278361469320549e-06	1.116487e+01	1.198530e+01	9.762645e-01	5.346808e-01	3.795811e-03	6.684057e-05
6.297892719320549e-06	1.126576e+01	1.198712e+01	9.027667e-01	5.332547e-01	3.337257e-03	5.855680e-05
6.317423969320549e-06	1.135379e+01	1.198868e+01	8.342720e-01	5.318860e-01	2.937170e-03	5.147180e-05
6.336955219320549e-06	1.143060e+01	1.199001e+01	7.705274e-01	5.305710e-01	2.588094e-03	4.540531e-05
6.356486469320549e-06	1.149762e+01	1.199115e+01	7.112769e-01	5.293065e-01	2.283440e-03	4.020453e-05
6.376017719320549e-06	1.155615e+01	1.199214e+01	6.562659e-01	5.280894e-01	2.017419e-03	3.573995e-05
6.395548969320550e-06	1.160730e+01	1.199298e+01	6.052427e-01	5.269169e-01	1.784963e-03	3.190176e-05
6.415080219320550e-06	1.165203e+01	1.199371e+01	5.579622e-01	5.257863e-01	1.581654e-03	2.859682e-05
6.434611469320550e-06	1.169119e+01	1.199434e+01	5.141866e-01	5.246953e-01	1.403648e-03	2.574617e-05
6.454142719320550e-06	1.172552e+01	1.199488e+01	4.736869e-01	5.236416e-01	1.247610e-03	2.328279e-05
6.473673969320550e-06	1.175565e+01	1.199535e+01	4.362438e-01	5.226230e-01	1.110647e-03	2.114980e-05
6.493205219320550e-06	1.178214e+01	1.199575e+01	4.016484e-01	5.216376e-01	9.902592e-04	1.929892e-05
6.512736469320550e-06	1.180546e+01	1.199611e+01	3.697025e-01	5.206835e-01	8.842820e-04	1.768913e-05
6.532267719320550e-06	1.182601e+01	1.199642e+01	3.402183e-01	5.197591e-01	7.908455e-04	1.628559e-05
6.551798969320550e-06	1.184416e+01	1.199669e+01	3.130192e-01	5.188627e-01	7.083338e-04	1.505867e-05
6.571330219320550e-06	1.186022e+01	1.199692e+01	2.879387e-01	5.179929e-01	6.353501e-04	1.398319e-05
6.590861469320550e-06	1.187445e+01	1.199713e+01	2.648209e-01	5.171483e-01	5.706873e-04	1.303771e-05
6.610392719320550e-06	1.188707e+01	1.199731e+01	2.435199e-01	5.163275e-01	5.133011e-04	1.220398e-05
6.629923969320550e-06	1.189830e+01	1.199748e+01	2.238991e-01	5.155294e-01	4.622880e-04	1.146645e-05
6.649455219320550e-06	1.190829e+01	1.199762e+01	2.058315e-01	5.147529e-01	4.168654e-04	1.081185e-05
6.668986469320550e-06	1.191720e+01	1.199775e+01	1.891986e-01	5.139968e-01	3.763547e-04	1.022889e-05
6.688517719320550e-06	1.192516e+01	1.199786e+01	1.738901e-01	5.132603e-01	3.401669e-04	9.707898e-06
6.708048969320550e-06	1.193229e+01	1.199797e+01	1.598039e-01	5.125424e-01	3.077903e-04	9.240624e-06
6.727580219320550e-06	1.193867e+01	1.199806e+01	1.468450e-01	5.118421e-01	2.787794e-04	8.820007e-06
6.747111469320550e-06	1.194440e+01	1.199814e+01	1.349254e-01	5.111588e-01	2.527462e-04	8.440001e-06
6.766642719320551e-06	1.194954e+01	1.199822e+01	1.239635e-01	5.104917e-01	2.293518e-04	8.095423e-06
6.786173969320551e-06	1.195417e+01	1.199829e+01	1.138841e-01	5.098400e-01	2.083001e-04	7.781828e-06
6.805705219320551e-06	1.195835e+01	1.199835e+01	1.046174e-01	5.092030e-01	1.893319e-04	7.495393e-06
6.825236469320551e-06	1.196211e+01	1.199841e+01	9.609894e-02	5.085802e-01	1.722195e-04	7.232828e-06
6.844767719320551e-06	1.196551e+01	1.199846e+01	8.826926e-02	5.079709e-01	1.567631e-04	6.991303e-06
6.864298969320551e-06	1.196859e+01	1.199851e+01	8.107346e-02	5.073746e-01	1.427867e-04	6.768371e-06
6.883830219320551e-06	1.197137e+01	1.199856e+01	7.446085e-02	5.067908e-01	1.301353e-04	6.561921e-06
6.903361469320551e-06	1.197389e+01	1.199860e+01	6.838473e-02	5.062189e-01	1.186716e-04	6.370122e-06
6.922892719320551e-06	1.197618e+01	1.199864e+01	6.280202e-02	5.056584e-01	1.082743e-04	6.191388e-06
6.942423969320551e-06	1.197826e+01	1.199867e+01	5.767305e-02	5.051091e-01	9.883594e-05	6.024342e-06
6.961955219320551e-06	1.198014e+01	1.199871e+01	5.296126e-02	5.045703e-01	9.026084e-05	5.867782e-06
6.981486469320551e-06	1.198186e+01	1.199874e+01	4.863299e-02	5.040418e-01	8.246399e-05	5.720660e-06
7.001017719320551e-06	1.198342e+01	1.199877e+01	4.465726e-02	5.035231e-01	7.536960e-05	5.582061e-06
7.020548969320551e-06	1.198484e+01	1.199880e+01	4.100554e-02	5.030139e-01	6.891000e-05	5.451183e-06
7.040080219320551e-06	1.198613e+01	1.199883e+01	3.765158e-02	5.025139e-01	6.302467e-05	5.327319e-06
7.059611469320551e-06	1.198732e+01	1.199885e+01	3.457125e-02	5.020227e-01	5.765940e-05	5.209849e-06
7.079142719320551e-06	1.198839e+01	1.199888e+01	3.174232e-02	5.015401e-01	5.276556e-05	5.098225e-06
7.098673969320551e-06	1.198937e+01	1.199890e+01	2.914439e-02	5.010656e-01	4.829948e-05	4.991962e-06
7.118205219320551e-06	1.199027e+01	1.199892e+01	2.675866e-02	5.005991e-01	4.422184e-05	4.890628e-06
7.137736469320551e-06	1.199109e+01	1.199895e+01	2.456787e-02	5.001404e-01	4.049725e-05	4.793840e-06
7.157267719320552e-06	1.199184e+01	1.199897e+01	2.255615e-02	4.996891e-01	3.709378e-05	4.701255e-06
7.176798969320552e-06	1.199252e+01	1.199899e+01	2.070891e-02	4.992450e-01	3.398257e-05	4.612567e-06
7.196330219320552e-06	1.199315e+01	1.199900e+01	1.901275e-02	4.988080e-01	3.113758e-05	4.527502e-06
7.215861469320552e-06	1.199372e+01	1.199902e+01	1.745533e-02	4.983777e-01	2.853518e-05	4.445813e-06
7.235392719320552e-06	1.199425e+01	1.199904e+01	1.602534e-02	4.979540e-01	2.615401e-05	4.367276e-06
7.254923969320552e-06	1.199473e+01	1.199906e+01	1.471237e-02	4.975366e-01	2.397467e-05	4.291688e-06
7.274455219320552e-06	1.199516e+01	1.199907e+01	1.350687e-02	4.971254e-01	2.197956e-05	4.218866e-06
7.293986469320552e-06	1.199557e+01	1.199909e+01	1.240006e-02	4.967203e-01	2.015270e-05	4.148646e-06
7.313517719320552e-06	1.199593e+01	1.199910e+01	1.138388e-02	4.963210e-01	1.847954e-05	4.080872e-06
7.333048969320552e-06	1.199627e+01	1.199912e+01	1.045091e-02	4.959273e-01	1.694687e-05	4.015406e-06
7.352580219320552e-06	1.199658e+01	1.199913e+01	9.594348e-03	4.955391e-01	1.554263e-05	3.952121e-06
7.372111469320552e-06	1.199686e+01	1.199914e+01	8.807948e-03	4.951563e-01	1.425585e-05	3.890900e-06
7.391642719320552e-06	1.199712e+01	1.199916e+01	8.085969e-03	4.947787e-01	1.307654e-05	3.831633e-06
7.411173969320552e-06	1.199736e+01	1.199917e+01	7.423139e-03	4.944062e-01	1.199557e-05	3.774222e-06
7.430705219320552e-06	1.199758e+01	1.199918e+01	6.814617e-03	4.940386e-01	1.100462e-05	3.718574e-06
7.450236469320552e-06	1.199778e+01	1.199919e+01	6.255958e-03	4.936758e-01	1.009608e-05	3.664602e-06
7.469767719320552e-06	1.199796e+01	1.199920e+01	5.743080e-03	4.933177e-01	9.263015e-06	3.612227e-06
7.489298969320552e-06	1.199813e+01	1.199922e+01	5.272233e-03	4.929641e-01	8.499082e-06	3.561375e-06
7.508830219320552e-06	1.199828e+01	1.199923e+01	4.839976e-03	4.926150e-01	7.798480e-06	3.511976e-06
7.528361469320553e-06	1.199843e+01	1.199924e+01	4.443148e-03	4.922703e-01	7.155905e-06	3.463966e-06
7.547892719320553e-06	1.199856e+01	1.199925e+01	4.078846e-03	4.919298e-01	6.566510e-06	3.417284e-06
7.567423969320553e-06	1.199867e+01	1.199926e+01	3.744407e-03	4.915934e-01	6.025855e-06	3.371873e-06
7.586955219320553e-06	1.199878e+01	1.199927e+01	3.437383e-03	4.912610e-01	5.529879e-06	3.327679e-06
7.606486469320553e-06	1.199888e+01	1.199928e+01	3.155528e-03	4.909326e-01	5.074864e-06	3.284654e-06
7.626017719320553e-06	1.199898e+01	1.199929e+01	2.896780e-03	4.906080e-01	4.657404e-06	3.242747e-06
7.645548969320552e-06	1.199906e+01	1.199930e+01	2.659245e-03	4.902871e-01	4.274382e-06	3.201916e-06
7.665080219320551e-06	1.199914e+01	1.199930e+01	2.441185e-03	4.899700e-01	3.922940e-06	3.162118e-06
7.684611469320550e-06	1.199921e+01	1.199931e+01	2.241003e-03	4.896564e-01	3.600464e-06	3.123314e-06
7.704142719320550e-06	1.199927e+01	1.199932e+01	2.057234e-03	4.893463e-01	3.304554e-06	3.085466e-06
7.723673969320549e-06	1.199933e+01	1.199933e+01	1.888533e-03	4.890396e-01	3.033012e-06	3.048536e-06
7.743205219320548e-06	1.199939e+01	1.199934e+01	1.733664e-03	4.887363e-01	2.783824e-06	3.012493e-06
7.762736469320547e-06	1.199944e+01	1.199934e+01	1.591494e-03	4.884363e-01	2.555143e-06	2.977304e-06
7.782267719320546e-06	1.199948e+01	1.199935e+01	1.460982e-03	4.881394e-01	2.345276e-06	2.942937e-06
7.801798969320546e-06	1.199953e+01	1.199936e+01	1.341171e-03	4.878457e-01	2.152671e-06	2.909364e-06
7.821330219320545e-06	1.199957e+01	1.199937e+01	1.231186e-03	4.875551e-01	1.975904e-06	2.876558e-06
7.840861469320544e-06	1.199960e+01	1.199937e+01	1.130219e-03	4.872675e-01	1.813669e-06	2.844492e-06
7.860392719320543e-06	1.199963e+01	1.199938e+01	1.037531e-03	4.869829e-01	1.664769e-06	2.813140e-06
7.879923969320542e-06	1.199966e+01	1.199939e+01	9.524442e-04	4.867011e-01	1.528106e-06	2.782479e-06
7.899455219320542e-06	1.199969e+01	1.199939e+01	8.743349e-04	4.864222e-01	1.402672e-06	2.752487e-06
7.918986469320541e-06	1.199972e+01	1.199940e+01	8.026310e-04	4.861460e-01	1.287542e-06	2.723140e-06
7.938517719320540e-06	1.199974e+01	1.199941e+01	7.368072e-04	4.858725e-01	1.181870e-06	2.694418e-06
7.958048969320539e-06	1.199976e+01	1.199941e+01	6.763813e-04	4.856017e-01	1.084876e-06	2.666302e-06
7.977580219320538e-06	1.199978e+01	1.199942e+01	6.209108e-04	4.853336e-01	9.958484e-07	2.638772e-06
7.997111469320538e-06	1.199980e+01	1.199943e+01	5.699894e-04	4.850680e-01	9.141302e-07	2.611809e-06
8.016642719320537e-06	1.199982e+01	1.199943e+01	5.232439e-04	4.848049e-01	8.391212e-07	2.585396e-06
8.036173969320536e-06	1.199983e+01	1.199944e+01	4.803319e-04	4.845442e-01	7.702703e-07	2.559517e-06
8.055705219320535e-06	1.199984e+01	1.199944e+01	4.409392e-04	4.842860e-01	7.070713e-07	2.534156e-06
8.075236469320534e-06	1.199986e+01	1.199945e+01	4.047769e-04	4.840302e-01	6.490598e-07	2.509295e-06
8.094767719320534e-06	1.199987e+01	1.199945e+01	3.715804e-04	4.837767e-01	5.958097e-07	2.484921e-06
8.114298969320533e-06	1.199988e+01	1.199946e+01	3.411063e-04	4.835255e-01	5.469298e-07	2.461020e-06
8.133830219320532e-06	1.199989e+01	1.199946e+01	3.131314e-04	4.832766e-01	5.020614e-07	2.437579e-06
8.153361469320531e-06	1.199990e+01	1.199947e+01	2.874507e-04	4.830298e-01	4.608750e-07	2.414583e-06
8.172892719320530e-06	1.199991e+01	1.199947e+01	2.638762e-04	4.827853e-01	4.230683e-07	2.392019e-06
8.192423969320530e-06	1.199992e+01	1.199948e+01	2.422350e-04	4.825428e-01	3.883639e-07	2.369877e-06
8.211955219320529e-06	1.199992e+01	1.199948e+01	2.223687e-04	4.823025e-01	3.565072e-07	2.348143e-06
8.231486469320528e-06	1.199993e+01	1.199949e+01	2.041316e-04	4.820642e-01	3.272638e-07	2.326807e-06
8.251017719320527e-06	1.199993e+01	1.199949e+01	1.873901e-04	4.818279e-01	3.004195e-07	2.305859e-06
8.270548969320527e-06	1.199994e+01	1.199950e+01	1.720217e-04	4.815937e-01	2.757781e-07	2.285287e-06
8.290080219320526e-06	1.199994e+01	1.199950e+01	1.579137e-04	4.813614e-01	2.531583e-07	2.265081e-06
8.309611469320525e-06	1.199995e+01	1.199951e+01	1.449627e-04	4.811310e-01	2.323942e-07	2.245232e-06
8.329142719320524e-06	1.199995e+01	1.199951e+01	1.330739e-04	4.809025e-01	2.133335e-07	2.225730e-06
8.348673969320523e-06	1.199996e+01	1.199951e+01	1.221600e-04	4.806759e-01	1.958362e-07	2.206565e-06
8.368205219320523e-06	1.199996e+01	1.199952e+01	1.121413e-04	4.804511e-01	1.797740e-07	2.187730e-06
8.387736469320522e-06	1.199996e+01	1.199952e+01	1.029442e-04	4.802281e-01	1.650297e-07	2.169216e-06
8.407267719320521e-06	1.199997e+01	1.199953e+01	9.450142e-05	4.800069e-01	1.514947e-07	2.151015e-06
8.426798969320520e-06	1.199997e+01	1.199953e+01	8.675104e-05	4.797874e-01	1.390699e-07	2.133118e-06
8.465861469320519e-06	1.199997e+01	1.199954e+01	7.310504e-05	4.793535e-01	1.171940e-07	2.098210e-06
8.504923969320517e-06	1.199998e+01	1.199955e+01	6.160555e-05	4.789264e-01	9.876015e-08	2.064431e-06
8.543986469320515e-06	1.199998e+01	1.199955e+01	5.191494e-05	4.785057e-01	8.322651e-08	2.031730e-06
8.583048969320514e-06	1.199998e+01	1.199956e+01	4.374867e-05	4.780913e-01	7.013669e-08	2.000055e-06
8.622111469320512e-06	1.199999e+01	1.199957e+01	3.686696e-05	4.776829e-01	5.910536e-08	1.969357e-06
8.661173969320511e-06	1.199999e+01	1.199957e+01	3.106775e-05	4.772805e-01	4.980941e-08	1.939593e-06
8.700236469320509e-06	1.199999e+01	1.199958e+01	2.618076e-05	4.768838e-01	4.197566e-08	1.910720e-06
8.739298969320507e-06	1.199999e+01	1.199959e+01	2.206249e-05	4.764926e-01	3.537500e-08	1.882699e-06
8.797892719320505e-06	1.199999e+01	1.199959e+01	1.706723e-05	4.759160e-01	2.736826e-08	1.842183e-06
8.856486469320503e-06	1.200000e+01	1.199960e+01	1.320297e-05	4.753511e-01	2.117448e-08	1.803383e-06
8.915080219320500e-06	1.200000e+01	1.199961e+01	1.021363e-05	4.747975e-01	1.638312e-08	1.766192e-06
8.973673969320498e-06	1.200000e+01	1.199962e+01	7.901118e-06	4.742546e-01	1.267632e-08	1.730512e-06
9.021107005034782e-06	1.200000e+01	1.199963e+01	6.515874e-06	4.738232e-01	1.045608e-08	1.702767e-06
9.068540040749065e-06	1.200000e+01	1.199963e+01	5.303973e-06	4.733980e-01	8.513640e-09	1.675811e-06
9.115973076463350e-06	1.200000e+01	1.199964e+01	4.265414e-06	4.729788e-01	6.849015e-09	1.649644e-06
9.163406112177632e-06	1.200000e+01	1.199964e+01	3.400198e-06	4.725658e-01	5.462202e-09	1.624266e-06
9.210839147891917e-06	1.200000e+01	1.199965e+01	2.708325e-06	4.721589e-01	4.353200e-09	1.599677e-06
9.258272183606202e-06	1.200000e+01	1.199965e+01	2.189794e-06	4.717581e-01	3.522009e-09	1.575877e-06
9.305705219320484e-06	1.200000e+01	1.199966e+01	1.844606e-06	4.713634e-01	2.968629e-09	1.552865e-06
9.394990933606194e-06	1.200000e+01	1.199967e+01	1.341727e-06	4.706366e-01	2.162675e-09	1.511540e-06
9.484276647891906e-06	1.200000e+01	1.199968e+01	9.243170e-07	4.699262e-01	1.493687e-09	1.472028e-06
9.573562362177616e-06	1.200000e+01	1.199968e+01	5.923761e-07	4.692323e-01	9.616655e-10	1.434332e-06
9.662848076463327e-06	1.200000e+01	1.199969e+01	3.459040e-07	4.685548e-01	5.666097e-10	1.398451e-06
9.752133790749037e-06	1.200000e+01	1.199970e+01	1.849007e-07	4.678938e-01	3.085201e-10	1.364384e-06
9.841419505034749e-06	1.200000e+01	1.199971e+01	1.093663e-07	4.672492e-01	1.873965e-10	1.332133e-06
9.930705219320459e-06	1.200000e+01	1.199971e+01	1.193008e-07	4.666210e-01	2.032390e-10	1.301696e-06
9.980468750000000e-06	1.200000e+01	1.199972e+01	9.584999e-08	4.662758e-01	1.659941e-10	1.285152e-06
9.999999999999999e-06	1.200000e+01	1.199972e+01	8.413910e-08	4.661418e-01	2.425590e-10	1.277658e-06
1.000004296961215e-05	1.200000e+01	1.199972e+01	2.049803e-04	4.661905e-01	-4.084590e-09	1.277375e-06
1.000012890883644e-05	1.200000e+01	1.199972e+01	6.183112e-04	4.663208e-01	-1.821200e-08	1.273851e-06
1.000019437317269e-05	1.200001e+01	1.199972e+01	9.375343e-04	4.664474e-01	-3.580430e-08	1.268263e-06
1.000025951182887e-05	1.200001e+01	1.199972e+01	1.261316e-03	4.665927e-01	-6.294523e-08	1.258487e-06
1.000038978914124e-05	1.200003e+01	1.199973e+01	1.927348e-03	4.669077e-01	-1.461492e-07	1.224962e-06
1.000065034376597e-05	1.200009e+01	1.199976e+01	3.324864e-03	4.675992e-01	-4.148642e-07	1.105856e-06
1.000111937940473e-05	1.200027e+01	1.199984e+01	6.042575e-03	4.689971e-01	-1.213366e-06	7.248065e-07
1.000184803943687e-05	1.200072e+01	1.200007e+01	1.079128e-02	4.715066e-01	-3.269687e-06	-3.125264e-07
1.000306416798767e-05	1.200197e+01	1.200072e+01	2.018035e-02	4.765292e-01	-8.948085e-06	-3.287036e-06
1.000512617373263e-05	1.200546e+01	1.200259e+01	4.023497e-02	4.872597e-01	-2.482882e-05	-1.177543e-05
1.000864368147122e-05	1.201456e+01	1.200748e+01	8.402759e-02	5.106047e-01	-6.616108e-05	-3.401529e-05
1.001217278976899e-05	1.202725e+01	1.201433e+01	1.391059e-01	5.399858e-01	-1.238573e-04	-6.511449e-05
1.001517313532171e-05	1.204128e+01	1.202193e+01	1.963002e-01	5.708407e-01	-1.876521e-04	-9.967230e-05
1.001857297296720e-05	1.206078e+01	1.203264e+01	2.729263e-01	6.132268e-01	-2.762759e-04	-1.483831e-04
1.002240111032701e-05	1.208671e+01	1.204766e+01	3.726440e-01	6.739938e-01	-3.941172e-04	-2.166437e-04
1.002631764824155e-05	1.211682e+01	1.207110e+01	4.870806e-01	8.272350e-01	-5.310055e-04	-3.231931e-04
1.002812361013834e-05	1.213211e+01	1.209926e+01	5.448121e-01	1.071444e+00	-6.005138e-04	-4.511677e-04
1.002996151557627e-05	1.214878e+01	1.216017e+01	6.075360e-01	1.518426e+00	-6.762727e-04	-7.280254e-04
1.003146017177582e-05	1.216301e+01	1.223761e+01	6.610360e-01	1.945222e+00	-7.409716e-04	-1.082153e-03
1.003298717653216e-05	1.217812e+01	1.233935e+01	7.177750e-01	2.403509e+00	-8.096303e-04	-1.548009e-03
1.003436333412340e-05	1.219224e+01	1.244614e+01	7.708299e-01	2.828007e+00	-8.738347e-04	-2.033347e-03
1.003598350060521e-05	1.220950e+01	1.258605e+01	8.356754e-01	3.333965e+00	-9.522840e-04	-2.667415e-03
1.003785731736208e-05	1.223027e+01	1.276079e+01	9.137717e-01	3.922155e+00	-1.046687e-03	-3.460489e-03
1.004024463255278e-05	1.225783e+01	1.296734e+01	1.017526e+00	4.667969e+00	-1.171946e-03	-4.397644e-03
1.004225622518218e-05	1.228190e+01	1.281494e+01	1.108294e+00	5.284395e+00	-1.281378e-03	-3.658254e-03
1.004339921358540e-05	1.229601e+01	1.189395e+01	1.161571e+00	5.614290e+00	-1.345520e-03	9.521221e-04
1.004455800720402e-05	1.231068e+01	9.813269e+00	1.216998e+00	5.919642e+00	-1.412160e-03	1.088298e-02
1.004577690545735e-05	1.232639e+01	7.193850e+00	1.276482e+00	6.217011e+00	-1.483594e-03	2.124039e-02
1.004668547265409e-05	1.233832e+01	5.637354e+00	1.321682e+00	6.426510e+00	-1.537809e-03	2.546033e-02
1.004775230306406e-05	1.235256e+01	4.475293e+00	1.375712e+00	6.662470e+00	-1.602536e-03	2.986949e-02
1.004869208074862e-05	1.236525e+01	3.776912e+00	1.423921e+00	6.866040e+00	-1.660238e-03	3.698027e-02
1.004880476251002e-05	1.236679e+01	3.708469e+00	1.429758e+00	6.889792e+00	-1.667220e-03	3.766248e-02
1.004903012603283e-05	1.236988e+01	3.581005e+00	1.441516e+00	6.936522e+00	-1.681276e-03	3.826142e-02
1.004948085307844e-05	1.237610e+01	3.330231e+00	1.465158e+00	7.029649e+00	-1.709528e-03	3.939920e-02
1.005000000000000e-05	1.238329e+01	3.044134e+00	1.492522e+00	7.135545e+00	-1.742214e-03	4.071261e-02
1.005005191469216e-05	1.238401e+01	3.015562e+00	1.495029e+00	7.145817e+00	-1.745497e-03	4.083974e-02
1.005015574407647e-05	1.238545e+01	2.958369e+00	1.500043e+00	7.166077e+00	-1.752058e-03	4.109831e-02
1.005036340284509e-05	1.238833e+01	2.843453e+00	1.510060e+00	7.205457e+00	-1.765147e-03	4.162043e-02
1.005077872038234e-05	1.239406e+01	2.610646e+00	1.530057e+00	7.280163e+00	-1.791192e-03	4.267832e-02
1.005160935545684e-05	1.240541e+01	2.131041e+00	1.569900e+00	7.414937e+00	-1.842755e-03	4.485855e-02
1.005327062560583e-05	1.242781e+01	1.137230e+00	1.649213e+00	7.651052e+00	-1.944587e-03	4.937623e-02
1.005420604304538e-05	1.244026e+01	5.705659e-01	1.693658e+00	7.767718e+00	-2.001188e-03	5.195199e-02
1.005470019175498e-05	1.244677e+01	2.948307e-01	1.717041e+00	7.825308e+00	-2.030758e-03	5.320533e-02
1.005496152400185e-05	1.245019e+01	1.850749e-01	1.729378e+00	7.857608e+00	-2.046297e-03	5.370421e-02
1.005518171054419e-05	1.245305e+01	1.282015e-01	1.739758e+00	7.887243e+00	-2.059338e-03	5.396272e-02
1.005539801877874e-05	1.245586e+01	9.562220e-02	1.749944e+00	7.917664e+00	-2.072111e-03	5.410369e-02
1.005558646631453e-05	1.245831e+01	7.849769e-02	1.758809e+00	7.944679e+00	-2.083208e-03	5.416022e-02
1.005579496759370e-05	1.246100e+01	6.641085e-02	1.768607e+00	7.974891e+00	-2.095453e-03	5.419054e-02
1.005601047753501e-05	1.246378e+01	5.778189e-02	1.778724e+00	8.006293e+00	-2.108072e-03	5.422016e-02
1.005627683632564e-05	1.246720e+01	5.012433e-02	1.791212e+00	8.045252e+00	-2.123616e-03	5.424467e-02
1.005659915286643e-05	1.247132e+01	4.328479e-02	1.806302e+00	8.092504e+00	-2.142350e-03	5.425057e-02
1.005700303824161e-05	1.247646e+01	3.699397e-02	1.825176e+00	8.151736e+00	-2.165707e-03	5.423056e-02
1.005752813175788e-05	1.248310e+01	3.102436e-02	1.849658e+00	8.228575e+00	-2.195888e-03	5.419456e-02
1.005811133534359e-05	1.249041e+01	2.623849e-02	1.876776e+00	8.313396e+00	-2.229155e-03	5.416402e-02
1.005887371262987e-05	1.249990e+01	2.174266e-02	1.912108e+00	8.423099e+00	-2.272256e-03	5.413850e-02
1.005966627004797e-05	1.250965e+01	1.838442e-02	1.948696e+00	8.535155e+00	-2.316579e-03	5.411587e-02
1.006076571472168e-05	1.252301e+01	1.504713e-02	1.999220e+00	8.686827e+00	-2.377301e-03	5.408887e-02
1.006182274548074e-05	1.253566e+01	1.272189e-02	2.047540e+00	8.827722e+00	-2.434833e-03	5.410687e-02
1.006320686928544e-05	1.255196e+01	1.052768e-02	2.110430e+00	9.004083e+00	-2.508905e-03	5.421452e-02
1.006465876481258e-05	1.256873e+01	8.837030e-03	2.175946e+00	9.178959e+00	-2.585127e-03	5.431342e-02
1.006640510598308e-05	1.258845e+01	7.347411e-03	2.254129e+00	9.375150e+00	-2.674792e-03	5.433129e-02
1.006832086903230e-05	1.260956e+01	6.133873e-03	2.339148e+00	9.573382e+00	-2.770747e-03	5.435529e-02
1.007042425409357e-05	1.263209e+01	5.142989e-03	2.431561e+00	9.770553e+00	-2.873137e-03	5.438009e-02
1.007290606180196e-05	1.265779e+01	4.276226e-03	2.539323e+00	9.976662e+00	-2.989936e-03	5.444597e-02
1.007611296499618e-05	1.268976e+01	3.442760e-03	2.676764e+00	1.020833e+01	-3.135272e-03	5.452980e-02
1.007905991666720e-05	1.271775e+01	2.884999e-03	2.800988e+00	1.038644e+01	-3.262516e-03	5.453234e-02
1.008412621149797e-05	1.276317e+01	2.206060e-03	3.010417e+00	1.063300e+01	-3.468964e-03	5.453542e-02
1.008903092145270e-05	1.280401e+01	1.751663e-03	3.208240e+00	1.081563e+01	-3.654584e-03	5.453749e-02
1.009652338669482e-05	1.286078e+01	1.302534e-03	3.501490e+00	1.101466e+01	-3.912627e-03	5.453953e-02
1.010392019255367e-05	1.290672e+01	1.011512e-03	3.781790e+00	1.115302e+01	-4.110582e-03	5.451132e-02
1.010959913487077e-05	1.287623e+01	8.653993e-04	3.984877e+00	1.122684e+01	-3.962965e-03	5.448931e-02
1.011443358283276e-05	1.259964e+01	7.793010e-04	4.130131e+00	1.127270e+01	-2.715240e-03	5.451691e-02
1.011887718760106e-05	1.188707e+01	7.207153e-04	4.215615e+00	1.130525e+01	5.945752e-04	5.454218e-02
1.012329044069454e-05	1.075691e+01	6.763037e-04	4.250878e+00	1.133087e+01	5.813784e-03	5.454238e-02
1.012772956007058e-05	9.498116e+00	6.423653e-04	4.258337e+00	1.135135e+01	1.146742e-02	5.454253e-02
1.013336184726215e-05	8.064627e+00	6.102883e-04	4.256826e+00	1.137172e+01	1.789066e-02	5.454268e-02
1.013973250074902e-05	6.778386e+00	5.843728e-04	4.251965e+00	1.138926e+01	2.371228e-02	5.454280e-02
1.014818141975227e-05	5.546726e+00	5.610206e-04	4.243726e+00	1.140635e+01	2.923164e-02	5.454291e-02
1.015661939832767e-05	4.732301e+00	5.459533e-04	4.236404e+00	1.141846e+01	3.289257e-02	5.454297e-02
1.016795609114729e-05	4.028601e+00	5.335544e-04	4.230556e+00	1.142966e+01	3.615483e-02	5.454303e-02
1.017882002067193e-05	3.545690e+00	5.264943e-04	4.228728e+00	1.143692e+01	3.841116e-02	5.454306e-02
1.019426158226371e-05	2.988079e+00	5.208945e-04	4.229018e+00	1.144373e+01	4.096309e-02	5.454309e-02
1.020939469777932e-05	2.489756e+00	5.178570e-04	4.230375e+00	1.144817e+01	4.322838e-02	5.454310e-02
1.022892594777932e-05	1.874108e+00	5.158068e-04	4.232856e+00	1.145197e+01	4.602678e-02	5.454311e-02
1.024845719777932e-05	1.268429e+00	5.146897e-04	4.235846e+00	1.145466e+01	4.877987e-02	5.454312e-02
1.026798844777932e-05	6.716397e-01	5.140698e-04	4.241763e+00	1.145666e+01	5.149245e-02	5.454312e-02
1.028751969777932e-05	1.183863e-01	5.136522e-04	4.270584e+00	1.145832e+01	5.400175e-02	5.454312e-02
1.029224381071885e-05	3.448547e-02	5.136509e-04	4.304499e+00	1.145867e+01	5.438196e-02	5.454312e-02
1.029396496712192e-05	2.603344e-02	5.134870e-04	4.328762e+00	1.145880e+01	5.442513e-02	5.454312e-02
1.029470074168918e-05	2.490132e-02	5.135458e-04	4.340438e+00	1.145885e+01	5.443223e-02	5.454312e-02
1.029551878340971e-05	2.313776e-02	5.135757e-04	4.353119e+00	1.145891e+01	5.444013e-02	5.454312e-02
1.029639488442556e-05	2.156288e-02	5.135518e-04	4.366846e+00	1.145897e+01	5.444729e-02	5.454312e-02
1.029720710490584e-05	2.029080e-02	5.135536e-04	4.379651e+00	1.145902e+01	5.445313e-02	5.454312e-02
1.029808861148344e-05	1.906839e-02	5.135231e-04	4.393608e+00	1.145908e+01	5.445870e-02	5.454312e-02
1.029899678181779e-05	1.794599e-02	5.135268e-04	4.408032e+00	1.145915e+01	5.446381e-02	5.454312e-02
1.029995315542544e-05	1.689402e-02	5.135003e-04	4.423263e+00	1.145921e+01	5.446859e-02	5.454312e-02
1.030100274841801e-05	1.586869e-02	5.135040e-04	4.440011e+00	1.145928e+01	5.447323e-02	5.454312e-02
1.030216332488060e-05	1.486723e-02	5.134773e-04	4.458556e+00	1.145936e+01	5.447776e-02	5.454312e-02
1.030349738061854e-05	1.386000e-02	5.134766e-04	4.479892e+00	1.145945e+01	5.448228e-02	5.454312e-02
1.030508861484927e-05	1.282354e-02	5.134477e-04	4.505347e+00	1.145956e+01	5.448688e-02	5.454312e-02
1.030706841455608e-05	1.173481e-02	5.134388e-04	4.536997e+00	1.145969e+01	5.449155e-02	5.454312e-02
1.030967524944549e-05	1.056294e-02	5.134040e-04	4.578591e+00	1.145985e+01	5.449610e-02	5.454312e-02
1.031333787858072e-05	9.280578e-03	5.133784e-04	4.636789e+00	1.146009e+01	5.449937e-02	5.454312e-02
1.031891241154439e-05	7.831189e-03	5.133260e-04	4.724748e+00	1.146043e+01	5.450009e-02	5.454312e-02
1.032566283563964e-05	6.566705e-03	5.132745e-04	4.830179e+00	1.146084e+01	5.450083e-02	5.454312e-02
1.033305995989086e-05	5.587957e-03	5.132201e-04	4.944141e+00	1.146127e+01	5.450355e-02	5.454312e-02
1.034203513288081e-05	4.746839e-03	5.131633e-04	5.080098e+00	1.146178e+01	5.450579e-02	5.454312e-02
1.035251109157173e-05	4.047379e-03	5.131010e-04	5.235560e+00	1.146235e+01	5.450584e-02	5.454312e-02
1.036529621530440e-05	3.440506e-03	5.130349e-04	5.420647e+00	1.146302e+01	5.450478e-02	5.454312e-02
1.037998963789299e-05	2.945024e-03	5.129651e-04	5.627084e+00	1.146377e+01	5.450292e-02	5.454312e-02
1.039820870763150e-05	2.507912e-03	5.128889e-04	5.874245e+00	1.146465e+01	5.450137e-02	5.454312e-02
1.041773995763150e-05	2.168491e-03	5.128143e-04	6.129114e+00	1.146556e+01	5.450585e-02	5.454312e-02
1.043727120763150e-05	1.917209e-03	5.127460e-04	6.373593e+00	1.146643e+01	5.451555e-02	5.454312e-02
1.045680245763150e-05	1.724726e-03	5.126826e-04	6.607916e+00	1.146726e+01	5.452407e-02	5.454312e-02
1.047633370763150e-05	1.572549e-03	5.126231e-04	6.832498e+00	1.146807e+01	5.452941e-02	5.454312e-02
1.049586495763150e-05	1.449274e-03	5.125669e-04	7.047738e+00	1.146885e+01	5.453276e-02	5.454313e-02
1.051539620763150e-05	1.347445e-03	5.125135e-04	7.254021e+00	1.146961e+01	5.453499e-02	5.454313e-02
1.053492745763149e-05	1.261971e-03	5.124625e-04	7.451718e+00	1.147035e+01	5.453655e-02	5.454313e-02
1.055445870763149e-05	1.189258e-03	5.124137e-04	7.641185e+00	1.147106e+01	5.453768e-02	5.454313e-02
1.057398995763149e-05	1.126695e-03	5.123668e-04	7.822762e+00	1.147175e+01	5.453853e-02	5.454313e-02
1.059352120763149e-05	1.072337e-03	5.123217e-04	7.996779e+00	1.147242e+01	5.453918e-02	5.454313e-02
1.061305245763149e-05	1.024708e-03	5.122782e-04	8.163549e+00	1.147308e+01	5.453970e-02	5.454313e-02
1.063258370763149e-05	9.826658e-04	5.122363e-04	8.323374e+00	1.147372e+01	5.454011e-02	5.454313e-02
1.065211495763149e-05	9.453130e-04	5.121959e-04	8.476542e+00	1.147434e+01	5.454046e-02	5.454313e-02
1.067164620763149e-05	9.119339e-04	5.121567e-04	8.623329e+00	1.147495e+01	5.454074e-02	5.454313e-02
1.069117745763149e-05	8.819520e-04	5.121188e-04	8.764004e+00	1.147554e+01	5.454098e-02	5.454313e-02
1.073023995763149e-05	8.303798e-04	5.120464e-04	9.028016e+00	1.147669e+01	5.454136e-02	5.454313e-02
1.078883370763148e-05	7.690906e-04	5.119455e-04	9.384207e+00	1.147831e+01	5.454177e-02	5.454313e-02
1.084742745763148e-05	7.216892e-04	5.118526e-04	9.697712e+00	1.147984e+01	5.454206e-02	5.454313e-02
1.090602120763148e-05	6.842089e-04	5.117665e-04	9.973646e+00	1.148127e+01	5.454227e-02	5.454313e-02
1.096461495763148e-05	6.540522e-04	5.116863e-04	1.021651e+01	1.148263e+01	5.454243e-02	5.454313e-02
1.102320870763148e-05	6.294462e-04	5.116112e-04	1.043027e+01	1.148392e+01	5.454256e-02	5.454313e-02
1.108180245763147e-05	6.091392e-04	5.115407e-04	1.061840e+01	1.148515e+01	5.454266e-02	5.454313e-02
1.114039620763147e-05	5.922217e-04	5.114743e-04	1.078399e+01	1.148632e+01	5.454275e-02	5.454313e-02
1.119898995763147e-05	5.780176e-04	5.114115e-04	1.092974e+01	1.148744e+01	5.454282e-02	5.454313e-02
1.125758370763147e-05	5.660130e-04	5.113519e-04	1.105801e+01	1.148851e+01	5.454287e-02	5.454313e-02
1.131617745763146e-05	5.558111e-04	5.112952e-04	1.117092e+01	1.148954e+01	5.454292e-02	5.454313e-02
1.137477120763146e-05	5.471003e-04	5.112411e-04	1.127028e+01	1.149053e+01	5.454296e-02	5.454313e-02
1.143336495763146e-05	5.396327e-04	5.111896e-04	1.135774e+01	1.149148e+01	5.454300e-02	5.454313e-02
1.149195870763146e-05	5.332089e-04	5.111402e-04	1.143472e+01	1.149239e+01	5.454303e-02	5.454313e-02
1.155055245763145e-05	5.276665e-04	5.110928e-04	1.150247e+01	1.149328e+01	5.454306e-02	5.454313e-02
1.160914620763145e-05	5.228724e-04	5.110474e-04	1.156211e+01	1.149413e+01	5.454308e-02	5.454313e-02
1.166773995763145e-05	5.187165e-04	5.110037e-04	1.161459e+01	1.149496e+01	5.454310e-02	5.454313e-02
1.172633370763145e-05	5.151068e-04	5.109615e-04	1.166078e+01	1.149576e+01	5.454311e-02	5.454313e-02
1.178492745763144e-05	5.119663e-04	5.109209e-04	1.170144e+01	1.149654e+01	5.454313e-02	5.454313e-02
1.184352120763144e-05	5.092302e-04	5.108817e-04	1.173722e+01	1.149729e+01	5.454314e-02	5.454313e-02
1.190211495763144e-05	5.068433e-04	5.108437e-04	1.176872e+01	1.149802e+01	5.454315e-02	5.454313e-02
1.196070870763144e-05	5.047588e-04	5.108070e-04	1.179644e+01	1.149873e+01	5.454316e-02	5.454313e-02
1.201930245763143e-05	5.029366e-04	5.107714e-04	1.182084e+01	1.149943e+01	5.454317e-02	5.454313e-02
1.207789620763143e-05	5.013424e-04	5.107370e-04	1.184231e+01	1.150010e+01	5.454317e-02	5.454313e-02
1.213648995763143e-05	4.999466e-04	5.107034e-04	1.186121e+01	1.150076e+01	5.454318e-02	5.454313e-02
1.219508370763143e-05	4.987238e-04	5.106709e-04	1.187785e+01	1.150140e+01	5.454319e-02	5.454313e-02
1.225367745763142e-05	4.976519e-04	5.106393e-04	1.189249e+01	1.150202e+01	5.454319e-02	5.454313e-02
1.231227120763142e-05	4.967119e-04	5.106085e-04	1.190537e+01	1.150263e+01	5.454320e-02	5.454313e-02
1.237086495763142e-05	4.958871e-04	5.105786e-04	1.191671e+01	1.150323e+01	5.454320e-02	5.454313e-02
1.242945870763142e-05	4.951631e-04	5.105494e-04	1.192670e+01	1.150381e+01	5.454320e-02	5.454313e-02
1.248805245763142e-05	4.945275e-04	5.105209e-04	1.193548e+01	1.150438e+01	5.454321e-02	5.454313e-02
1.254664620763141e-05	4.939692e-04	5.104932e-04	1.194322e+01	1.150494e+01	5.454321e-02	5.454313e-02
1.260523995763141e-05	4.934788e-04	5.104661e-04	1.195002e+01	1.150548e+01	5.454321e-02	5.454314e-02
1.266383370763141e-05	4.930478e-04	5.104396e-04	1.195601e+01	1.150602e+01	5.454321e-02	5.454314e-02
1.272242745763141e-05	4.926691e-04	5.104137e-04	1.196128e+01	1.150654e+01	5.454322e-02	5.454314e-02
1.278102120763140e-05	4.923361e-04	5.103884e-04	1.196592e+01	1.150705e+01	5.454322e-02	5.454314e-02
1.283961495763140e-05	4.920434e-04	5.103637e-04	1.197001e+01	1.150756e+01	5.454322e-02	5.454314e-02
1.289820870763140e-05	4.917860e-04	5.103395e-04	1.197360e+01	1.150805e+01	5.454322e-02	5.454314e-02
1.295680245763140e-05	4.915597e-04	5.103158e-04	1.197677e+01	1.150853e+01	5.454322e-02	5.454314e-02
1.301539620763139e-05	4.913607e-04	5.102925e-04	1.197955e+01	1.150901e+01	5.454322e-02	5.454314e-02
1.307398995763139e-05	4.911856e-04	5.102698e-04	1.198200e+01	1.150947e+01	5.454322e-02	5.454314e-02
1.313258370763139e-05	4.910316e-04	5.102475e-04	1.198416e+01	1.150993e+01	5.454322e-02	5.454314e-02
1.319117745763139e-05	4.908962e-04	5.102256e-04	1.198606e+01	1.151038e+01	5.454322e-02	5.454314e-02
1.324977120763138e-05	4.907770e-04	5.102041e-04	1.198773e+01	1.151083e+01	5.454322e-02	5.454314e-02
1.330836495763138e-05	4.906721e-04	5.101830e-04	1.198920e+01	1.151126e+01	5.454322e-02	5.454314e-02
1.336695870763138e-05	4.905799e-04	5.101624e-04	1.199049e+01	1.151169e+01	5.454322e-02	5.454314e-02
1.342555245763138e-05	4.904987e-04	5.101421e-04	1.199163e+01	1.151211e+01	5.454322e-02	5.454314e-02
1.348414620763137e-05	4.904273e-04	5.101221e-04	1.199264e+01	1.151252e+01	5.454323e-02	5.454314e-02
1.354273995763137e-05	4.903644e-04	5.101025e-04	1.199352e+01	1.151293e+01	5.454323e-02	5.454314e-02
1.360133370763137e-05	4.903091e-04	5.100832e-04	1.199430e+01	1.151333e+01	5.454323e-02	5.454314e-02
1.365992745763137e-05	4.902605e-04	5.100642e-04	1.199498e+01	1.151372e+01	5.454323e-02	5.454314e-02
1.371852120763137e-05	4.902176e-04	5.100457e-04	1.199558e+01	1.151411e+01	5.454323e-02	5.454314e-02
1.377711495763136e-05	4.901800e-04	5.100273e-04	1.199611e+01	1.151450e+01	5.454323e-02	5.454314e-02
1.383570870763136e-05	4.901468e-04	5.100092e-04	1.199658e+01	1.151487e+01	5.454323e-02	5.454314e-02
1.389430245763136e-05	4.901176e-04	5.099915e-04	1.199699e+01	1.151525e+01	5.454323e-02	5.454314e-02
1.395289620763136e-05	4.900919e-04	5.099740e-04	1.199735e+01	1.151561e+01	5.454323e-02	5.454314e-02
1.401148995763135e-05	4.900693e-04	5.099567e-04	1.199767e+01	1.151597e+01	5.454323e-02	5.454314e-02
1.407008370763135e-05	4.900494e-04	5.099398e-04	1.199795e+01	1.151633e+01	5.454323e-02	5.454314e-02
1.412867745763135e-05	4.900319e-04	5.099231e-04	1.199819e+01	1.151668e+01	5.454323e-02	5.454314e-02
1.418727120763135e-05	4.900165e-04	5.099066e-04	1.199841e+01	1.151703e+01	5.454323e-02	5.454314e-02
1.424586495763134e-05	4.900029e-04	5.098904e-04	1.199860e+01	1.151737e+01	5.454323e-02	5.454314e-02
1.430445870763134e-05	4.899910e-04	5.098744e-04	1.199877e+01	1.151771e+01	5.454323e-02	5.454314e-02
1.436305245763134e-05	4.899804e-04	5.098586e-04	1.199891e+01	1.151804e+01	5.454323e-02	5.454314e-02
1.442164620763134e-05	4.899713e-04	5.098431e-04	1.199905e+01	1.151837e+01	5.454323e-02	5.454314e-02
1.448023995763133e-05	4.899631e-04	5.098277e-04	1.199916e+01	1.151870e+01	5.454323e-02	5.454314e-02
1.453883370763133e-05	4.899559e-04	5.098126e-04	1.199926e+01	1.151902e+01	5.454323e-02	5.454314e-02
1.459742745763133e-05	4.899497e-04	5.097976e-04	1.199935e+01	1.151934e+01	5.454323e-02	5.454314e-02
1.465602120763133e-05	4.899441e-04	5.097828e-04	1.199943e+01	1.151965e+01	5.454323e-02	5.454314e-02
1.471461495763132e-05	4.899392e-04	5.097683e-04	1.199950e+01	1.151996e+01	5.454323e-02	5.454314e-02
1.477320870763132e-05	4.899349e-04	5.097539e-04	1.199956e+01	1.152026e+01	5.454323e-02	5.454314e-02
1.483180245763132e-05	4.899311e-04	5.097397e-04	1.199961e+01	1.152057e+01	5.454323e-02	5.454314e-02
1.489039620763132e-05	4.899278e-04	5.097257e-04	1.199966e+01	1.152087e+01	5.454323e-02	5.454314e-02
1.494898995763132e-05	4.899249e-04	5.097119e-04	1.199970e+01	1.152116e+01	5.454323e-02	5.454314e-02
1.500758370763131e-05	4.899223e-04	5.096982e-04	1.199973e+01	1.152145e+01	5.454323e-02	5.454314e-02
1.502711495763131e-05	4.899224e-04	5.096951e-04	1.199974e+01	1.152155e+01	5.454323e-02	5.454314e-02
1.503717633473737e-05	4.899208e-04	5.096909e-04	1.199975e+01	1.152160e+01	5.454323e-02	5.454314e-02
1.505000000000000e-05	4.899022e-04	5.108536e-04	1.199976e+01	1.152166e+01	5.454323e-02	5.454313e-02
1.505002821257195e-05	4.897502e-04	5.100381e-04	1.199962e+01	1.152164e+01	5.454323e-02	5.454314e-02
1.505008463771586e-05	4.893978e-04	5.095439e-04	1.199936e+01	1.152158e+01	5.454323e-02	5.454314e-02
1.505019748800369e-05	4.885850e-04	5.092846e-04	1.199882e+01	1.152138e+01	5.454323e-02	5.454314e-02
1.505027432882694e-05	4.880137e-04	5.090085e-04	1.199844e+01	1.152121e+01	5.454324e-02	5.454314e-02
1.505036801992886e-05	4.873201e-04	5.086090e-04	1.199799e+01	1.152096e+01	5.454324e-02	5.454314e-02
1.505049522535356e-05	4.863772e-04	5.080146e-04	1.199736e+01	1.152059e+01	5.454325e-02	5.454315e-02
1.505074963620297e-05	4.844940e-04	5.066990e-04	1.199607e+01	1.151975e+01	5.454325e-02	5.454315e-02
1.505125845790179e-05	4.807360e-04	5.038726e-04	1.199336e+01	1.151787e+01	5.454327e-02	5.454316e-02
1.505224611378994e-05	4.734704e-04	4.981860e-04	1.198767e+01	1.151377e+01	5.454330e-02	5.454319e-02
1.505399560371422e-05	4.606869e-04	4.882550e-04	1.197619e+01	1.150554e+01	5.454336e-02	5.454324e-02
1.505703809196046e-05	4.386762e-04	4.720599e-04	1.195225e+01	1.148899e+01	5.454346e-02	5.454331e-02
1.506157208933155e-05	4.062428e-04	4.503475e-04	1.190897e+01	1.146061e+01	5.454361e-02	5.454341e-02
1.506557766836035e-05	3.778861e-04	4.333514e-04	1.186324e+01	1.143219e+01	5.454374e-02	5.454348e-02
1.506894653648076e-05	3.542303e-04	4.198774e-04	1.181841e+01	1.140509e+01	5.454385e-02	5.454355e-02
1.507229874929726e-05	3.308008e-04	3.945268e-04	1.176882e+01	1.136757e+01	5.454395e-02	5.454366e-02
1.507361638930372e-05	3.216123e-04	3.382138e-04	1.174790e+01	1.132192e+01	5.454399e-02	5.454392e-02
1.507443631228147e-05	3.159007e-04	2.238453e-04	1.173426e+01	1.124148e+01	5.454402e-02	5.454444e-02
1.507520586336923e-05	3.105415e-04	3.870757e-05	1.172114e+01	1.111394e+01	5.454404e-02	5.454528e-02
1.507561250299917e-05	3.077101e-04	-7.830189e-05	1.171409e+01	1.103183e+01	5.454406e-02	5.454581e-02
1.507601417697420e-05	3.049134e-04	-1.962053e-04	1.170702e+01	1.094595e+01	5.454407e-02	5.454635e-02
1.507661433573116e-05	3.007346e-04	-3.612948e-04	1.169631e+01	1.081949e+01	5.454409e-02	5.454710e-02
1.507730143755459e-05	2.959498e-04	-5.223441e-04	1.168379e+01	1.068467e+01	5.454411e-02	5.454783e-02
1.507867564120144e-05	2.863764e-04	-7.685782e-04	1.165804e+01	1.044572e+01	5.454415e-02	5.454896e-02
1.508024304570898e-05	2.754481e-04	-9.641951e-04	1.162766e+01	1.020946e+01	5.454420e-02	5.454985e-02
1.508200153290496e-05	2.631695e-04	-1.109637e-03	1.159219e+01	9.975879e+00	5.454426e-02	5.455051e-02
1.508391807981243e-05	2.497555e-04	-1.226091e-03	1.155179e+01	9.738210e+00	5.454432e-02	5.455103e-02
1.508624796326541e-05	2.333831e-04	-1.348227e-03	1.150010e+01	9.455525e+00	5.454439e-02	5.455158e-02
1.508955892939838e-05	2.099425e-04	-1.520888e-03	1.142169e+01	9.051916e+00	5.454450e-02	5.455237e-02
1.509467705661709e-05	1.732544e-04	-1.813012e-03	1.129084e+01	8.418814e+00	5.454467e-02	5.455370e-02
1.510000000000000e-05	1.346201e-04	-2.149098e-03	1.114622e+01	7.752144e+00	5.454484e-02	5.455522e-02
1.510039011129209e-05	1.347895e-04	-2.171478e-03	1.113676e+01	7.705255e+00	5.454483e-02	5.455530e-02
1.510117033387628e-05	1.352702e-04	-2.207776e-03	1.111786e+01	7.615390e+00	5.454483e-02	5.455548e-02
1.510273077904465e-05	1.363415e-04	-2.257527e-03	1.108017e+01	7.447399e+00	5.454484e-02	5.455572e-02
1.510546207455713e-05	1.382346e-04	-2.319075e-03	1.101449e+01	7.172046e+00	5.454483e-02	5.455600e-02
1.510857428758989e-05	1.404233e-04	-2.384438e-03	1.094016e+01	6.877311e+00	5.454482e-02	5.455629e-02
1.511380411227962e-05	1.441896e-04	-2.521136e-03	1.081662e+01	6.420019e+00	5.454480e-02	5.455691e-02
1.512302001156355e-05	1.510391e-04	-2.875266e-03	1.060208e+01	5.691430e+00	5.454477e-02	5.455852e-02
1.513226700203760e-05	1.581707e-04	-3.465506e-03	1.039042e+01	5.041367e+00	5.454474e-02	5.456121e-02
1.513967923185746e-05	1.641054e-04	-4.315568e-03	1.022363e+01	4.578944e+00	5.454471e-02	5.456507e-02
1.514509873428654e-05	1.685836e-04	-5.456898e-03	1.010340e+01	4.272598e+00	5.454469e-02	5.457026e-02
1.514906370932775e-05	1.719405e-04	-6.984398e-03	1.001639e+01	4.064358e+00	5.454467e-02	5.457720e-02
1.515207497017917e-05	1.745369e-04	-9.087372e-03	9.950837e+00	3.914390e+00	5.454466e-02	5.458676e-02
1.515447298860804e-05	1.766343e-04	-1.210360e-02	9.898957e+00	3.799474e+00	5.454465e-02	5.460047e-02
1.515648913020947e-05	1.784181e-04	-1.664527e-02	9.855558e+00	3.705469e+00	5.454464e-02	5.459316e-02
1.515827302944051e-05	1.800122e-04	-2.377123e-02	9.817323e+00	3.623717e+00	5.454464e-02	5.459270e-02
1.515990995568047e-05	1.814878e-04	-3.518374e-02	9.782368e+00	3.549134e+00	5.454463e-02	5.471688e-02
1.516136230777165e-05	1.828078e-04	-5.220085e-02	9.751464e+00	3.482423e+00	5.454462e-02	5.487238e-02
1.516297832821137e-05	1.842888e-04	-7.949184e-02	9.717199e+00	3.406981e+00	5.454462e-02	5.495396e-02
1.516474895486101e-05	1.859258e-04	-1.147735e-01	9.679795e+00	3.323627e+00	5.454461e-02	5.505881e-02
1.516677445392030e-05	1.878171e-04	-1.557723e-01	9.637186e+00	3.229358e+00	5.454460e-02	5.524915e-02
1.516899707772076e-05	1.899207e-04	-1.971237e-01	9.590694e+00	3.130122e+00	5.454459e-02	5.544147e-02
1.517344232532169e-05	1.942265e-04	-2.658717e-01	9.498594e+00	2.948112e+00	5.454457e-02	5.575396e-02
1.518233282052354e-05	2.032357e-04	-3.602935e-01	9.317678e+00	2.639078e+00	5.454453e-02	5.618315e-02
1.520011381092725e-05	2.224674e-04	-4.536709e-01	8.965006e+00	2.150281e+00	5.454444e-02	5.660760e-02
1.521635369448632e-05	2.415443e-04	-4.602182e-01	8.652966e+00	1.816249e+00	5.454436e-02	5.663735e-02
1.523191691044573e-05	2.616950e-04	-4.024914e-01	8.364655e+00	1.588545e+00	5.454427e-02	5.637496e-02
1.524937250061410e-05	2.866635e-04	-2.853613e-01	8.052663e+00	1.405502e+00	5.454415e-02	5.584255e-02
1.526587231680453e-05	3.128987e-04	-1.350913e-01	7.768245e+00	1.282315e+00	5.454403e-02	5.515951e-02
1.528288447827423e-05	3.431194e-04	5.331931e-02	7.485492e+00	1.192816e+00	5.454389e-02	5.430309e-02
1.529876780532958e-05	3.749879e-04	2.559926e-01	7.231215e+00	1.133809e+00	5.454375e-02	5.338185e-02
1.531829905532958e-05	4.198138e-04	5.370536e-01	6.930545e+00	1.082101e+00	5.454355e-02	5.210430e-02
1.533783030532958e-05	4.718544e-04	8.547448e-01	6.641809e+00	1.042930e+00	5.454331e-02	5.066025e-02
1.535736155532958e-05	5.333695e-04	1.223204e+00	6.365109e+00	1.009647e+00	5.454303e-02	4.898542e-02
1.537689280532958e-05	6.071442e-04	1.661922e+00	6.099944e+00	9.765591e-01	5.454269e-02	4.699122e-02
1.539642405532958e-05	6.971784e-04	2.186525e+00	5.845836e+00	9.411850e-01	5.454229e-02	4.460666e-02
1.541595530532958e-05	8.094910e-04	2.796496e+00	5.602326e+00	9.044266e-01	5.454351e-02	4.182667e-02
1.543548655532958e-05	9.534354e-04	3.474045e+00	5.368979e+00	8.687459e-01	5.454700e-02	3.873814e-02
1.545501780532958e-05	1.144420e-03	4.192874e+00	5.145379e+00	8.360736e-01	5.455043e-02	3.547675e-02
1.547454905532958e-05	1.410213e-03	4.926207e+00	4.931134e+00	8.071705e-01	5.455453e-02	3.215203e-02
1.549408030532958e-05	1.805685e-03	5.650603e+00	4.725883e+00	7.819797e-01	5.455253e-02	2.886062e-02
1.551361155532958e-05	2.459627e-03	6.347644e+00	4.529320e+00	7.600648e-01	5.454011e-02	2.569242e-02
1.553314280532958e-05	3.615543e-03	7.007953e+00	4.340642e+00	7.407401e-01	5.452902e-02	2.269112e-02
1.554689903003233e-05	5.136034e-03	7.445723e+00	4.212664e+00	7.284855e-01	5.452211e-02	2.070126e-02
1.555748233495256e-05	7.321344e-03	7.763504e+00	4.117546e+00	7.198011e-01	5.452215e-02	1.925672e-02
1.556616023791562e-05	1.057619e-02	8.011535e+00	4.042051e+00	7.130889e-01	5.452129e-02	1.812918e-02
1.557366748234516e-05	1.556410e-02	8.217129e+00	3.979084e+00	7.075439e-01	5.449032e-02	1.719468e-02
1.557996901550151e-05	2.281166e-02	8.383478e+00	3.928668e+00	7.030579e-01	5.444011e-02	1.643865e-02
1.558472936764202e-05	3.231732e-02	8.505312e+00	3.893229e+00	6.997674e-01	5.439580e-02	1.588492e-02
1.558840193240813e-05	4.578967e-02	8.596742e+00	3.869505e+00	6.972915e-01	5.435684e-02	1.546935e-02
1.559308002134925e-05	7.363024e-02	8.710310e+00	3.845361e+00	6.942063e-01	5.426917e-02	1.495312e-02
1.559730215951485e-05	1.081371e-01	8.810103e+00	3.828858e+00	6.914839e-01	5.411141e-02	1.449950e-02
1.560285260634358e-05	1.628006e-01	8.937311e+00	3.812435e+00	6.879937e-01	5.383609e-02	1.392127e-02
1.560890761412915e-05	2.295775e-01	9.070542e+00	3.798619e+00	6.843056e-01	5.352258e-02	1.331565e-02
1.561977625319595e-05	3.600696e-01	9.296408e+00	3.780000e+00	6.779616e-01	5.293171e-02	1.228885e-02
1.563391064572874e-05	5.403985e-01	9.567309e+00	3.762074e+00	6.701677e-01	5.210969e-02	1.105740e-02
1.565344189572874e-05	8.000905e-01	9.903811e+00	3.743660e+00	6.601314e-01	5.091629e-02	9.527766e-03
1.567297314572874e-05	1.065410e+00	1.020049e+01	3.728795e+00	6.508484e-01	4.970495e-02	8.178875e-03
1.569250439572873e-05	1.332808e+00	1.045820e+01	3.715366e+00	6.422945e-01	4.848852e-02	7.007382e-03
1.571203564572873e-05	1.599721e+00	1.068117e+01	3.701739e+00	6.343926e-01	4.727416e-02	5.994090e-03
1.573156689572873e-05	1.864782e+00	1.087343e+01	3.686830e+00	6.270763e-01	4.606945e-02	5.120333e-03
1.575109814572873e-05	2.127445e+00	1.103873e+01	3.669791e+00	6.202884e-01	4.487577e-02	4.369059e-03
1.577062939572873e-05	2.387952e+00	1.118052e+01	3.649807e+00	6.139787e-01	4.369177e-02	3.724657e-03
1.579016064572873e-05	2.647573e+00	1.130189e+01	3.625942e+00	6.081029e-01	4.251143e-02	3.173045e-03
1.580969189572873e-05	2.909140e+00	1.140561e+01	3.596947e+00	6.026219e-01	4.132056e-02	2.701661e-03
1.582922314572873e-05	3.177983e+00	1.149411e+01	3.560997e+00	5.975006e-01	4.009001e-02	2.299408e-03
1.584875439572873e-05	3.463368e+00	1.156954e+01	3.515319e+00	5.927080e-01	3.878744e-02	1.956561e-03
1.586828564572873e-05	3.779424e+00	1.163378e+01	3.456011e+00	5.882164e-01	3.735927e-02	1.664625e-03
1.588781689572873e-05	4.142300e+00	1.168843e+01	3.378927e+00	5.840012e-01	3.571679e-02	1.416214e-03
1.590734814572873e-05	4.562103e+00	1.173490e+01	3.281837e+00	5.800400e-01	3.379089e-02	1.204976e-03
1.592687939572873e-05	5.036171e+00	1.177440e+01	3.165972e+00	5.763129e-01	3.161273e-02	1.025457e-03
1.594641064572872e-05	5.550580e+00	1.180795e+01	3.035267e+00	5.728018e-01	2.928549e-02	8.729621e-04
1.596594189572872e-05	6.086452e+00	1.183644e+01	2.894528e+00	5.694903e-01	2.687188e-02	7.434578e-04
1.598547314572872e-05	6.625092e+00	1.186063e+01	2.748170e+00	5.663637e-01	2.443013e-02	6.334938e-04
1.600500439572872e-05	7.150975e+00	1.188117e+01	2.599711e+00	5.634086e-01	2.204054e-02	5.401323e-04
1.602453564572872e-05	7.652755e+00	1.189861e+01	2.451746e+00	5.606126e-01	1.975914e-02	4.608697e-04
1.604406689572872e-05	8.122907e+00	1.191341e+01	2.306143e+00	5.579647e-01	1.762156e-02	3.935747e-04
1.606359814572872e-05	8.557053e+00	1.192598e+01	2.164235e+00	5.554544e-01	1.564795e-02	3.364347e-04
1.608312939572872e-05	8.953254e+00	1.193666e+01	2.026964e+00	5.530723e-01	1.384706e-02	2.879094e-04
1.610266064572872e-05	9.311371e+00	1.194573e+01	1.894981e+00	5.508096e-01	1.221941e-02	2.466908e-04
1.612219189572872e-05	9.632536e+00	1.195343e+01	1.768723e+00	5.486584e-01	1.075979e-02	2.116688e-04
1.614172314572872e-05	9.918720e+00	1.195998e+01	1.648459e+00	5.466111e-01	9.459184e-03	1.819014e-04
1.616125439572872e-05	1.017241e+01	1.196555e+01	1.534331e+00	5.446609e-01	8.306284e-03	1.565901e-04
1.618078564572871e-05	1.039633e+01	1.197029e+01	1.426379e+00	5.428014e-01	7.288620e-03	1.350575e-04
1.620031689572871e-05	1.059333e+01	1.197432e+01	1.324561e+00	5.410267e-01	6.393360e-03	1.167297e-04
1.621984814572871e-05	1.076616e+01	1.197775e+01	1.228777e+00	5.393313e-01	5.607879e-03	1.011202e-04
1.623937939572871e-05	1.091749e+01	1.198068e+01	1.138876e+00	5.377100e-01	4.920126e-03	8.781684e-05
1.625891064572871e-05	1.104979e+01	1.198318e+01	1.054670e+00	5.361583e-01	4.318856e-03	7.647029e-05
1.627844189572871e-05	1.116532e+01	1.198531e+01	9.759454e-01	5.346717e-01	3.793749e-03	6.678457e-05
1.629797314572871e-05	1.126616e+01	1.198713e+01	9.024690e-01	5.332460e-01	3.335457e-03	5.850893e-05
1.631750439572871e-05	1.135414e+01	1.198869e+01	8.339948e-01	5.318776e-01	2.935600e-03	5.143084e-05
1.633703564572871e-05	1.143090e+01	1.199002e+01	7.702696e-01	5.305629e-01	2.586724e-03	4.537022e-05
1.635656689572871e-05	1.149789e+01	1.199116e+01	7.110375e-01	5.292987e-01	2.282244e-03	4.017443e-05
1.637609814572871e-05	1.155638e+01	1.199214e+01	6.560435e-01	5.280819e-01	2.016374e-03	3.571409e-05
1.639562939572871e-05	1.160750e+01	1.199299e+01	6.050366e-01	5.269096e-01	1.784050e-03	3.187950e-05
1.641516064572871e-05	1.165220e+01	1.199371e+01	5.577714e-01	5.257794e-01	1.580855e-03	2.857764e-05
1.643469189572870e-05	1.169134e+01	1.199434e+01	5.140100e-01	5.246886e-01	1.402949e-03	2.572962e-05
1.645422314572870e-05	1.172566e+01	1.199488e+01	4.735235e-01	5.236351e-01	1.246996e-03	2.326847e-05
1.647375439572870e-05	1.175577e+01	1.199535e+01	4.360928e-01	5.226167e-01	1.110108e-03	2.113739e-05
1.649328564572870e-05	1.178224e+01	1.199576e+01	4.015090e-01	5.216315e-01	9.897850e-04	1.928813e-05
1.651281689572870e-05	1.180555e+01	1.199611e+01	3.695737e-01	5.206777e-01	8.838643e-04	1.767973e-05
1.653234814572870e-05	1.182609e+01	1.199642e+01	3.400995e-01	5.197534e-01	7.904770e-04	1.627738e-05
1.655187939572870e-05	1.184424e+01	1.199669e+01	3.129096e-01	5.188572e-01	7.080081e-04	1.505149e-05
1.657141064572870e-05	1.186028e+01	1.199693e+01	2.878377e-01	5.179875e-01	6.350619e-04	1.397689e-05
1.659094189572870e-05	1.187450e+01	1.199713e+01	2.647278e-01	5.171430e-01	5.704316e-04	1.303216e-05
1.661047314572870e-05	1.188712e+01	1.199732e+01	2.434341e-01	5.163224e-01	5.130740e-04	1.219908e-05
1.663000439572870e-05	1.189834e+01	1.199748e+01	2.238201e-01	5.155245e-01	4.620860e-04	1.146210e-05
1.664953564572870e-05	1.190833e+01	1.199762e+01	2.057588e-01	5.147481e-01	4.166854e-04	1.080799e-05
1.666906689572869e-05	1.191724e+01	1.199775e+01	1.891316e-01	5.139922e-01	3.761940e-04	1.022545e-05
1.668859814572869e-05	1.192519e+01	1.199786e+01	1.738285e-01	5.132558e-01	3.400233e-04	9.704814e-06
1.670812939572869e-05	1.193231e+01	1.199797e+01	1.597473e-01	5.125380e-01	3.076617e-04	9.237852e-06
1.672766064572869e-05	1.193869e+01	1.199806e+01	1.467929e-01	5.118378e-01	2.786641e-04	8.817507e-06
1.674719189572869e-05	1.194442e+01	1.199814e+01	1.348774e-01	5.111547e-01	2.526426e-04	8.437739e-06
1.676672314572869e-05	1.194956e+01	1.199822e+01	1.239194e-01	5.104876e-01	2.292587e-04	8.093370e-06
1.678625439572869e-05	1.195419e+01	1.199829e+01	1.138436e-01	5.098360e-01	2.082163e-04	7.779955e-06
1.680578564572869e-05	1.195836e+01	1.199835e+01	1.045801e-01	5.091991e-01	1.892563e-04	7.493678e-06
1.682531689572869e-05	1.196213e+01	1.199841e+01	9.606468e-02	5.085763e-01	1.721512e-04	7.231254e-06
1.684484814572869e-05	1.196553e+01	1.199846e+01	8.823778e-02	5.079671e-01	1.567014e-04	6.989852e-06
1.686437939572869e-05	1.196860e+01	1.199851e+01	8.104452e-02	5.073709e-01	1.427309e-04	6.767029e-06
1.688391064572869e-05	1.197138e+01	1.199856e+01	7.443426e-02	5.067871e-01	1.300847e-04	6.560676e-06
1.690344189572869e-05	1.197390e+01	1.199860e+01	6.836030e-02	5.062153e-01	1.186258e-04	6.368964e-06
1.692297314572868e-05	1.197619e+01	1.199864e+01	6.277958e-02	5.056549e-01	1.082328e-04	6.190308e-06
1.694250439572868e-05	1.197826e+01	1.199867e+01	5.765243e-02	5.051056e-01	9.879820e-05	6.023331e-06
1.696203564572868e-05	1.198015e+01	1.199871e+01	5.294232e-02	5.045670e-01	9.022654e-05	5.866832e-06
1.698156689572868e-05	1.198186e+01	1.199874e+01	4.861559e-02	5.040385e-01	8.243279e-05	5.719766e-06
1.700109814572868e-05	1.198343e+01	1.199877e+01	4.464127e-02	5.035199e-01	7.534120e-05	5.581219e-06
1.702062939572868e-05	1.198485e+01	1.199880e+01	4.099086e-02	5.030107e-01	6.888414e-05	5.450386e-06
1.704016064572868e-05	1.198614e+01	1.199883e+01	3.763809e-02	5.025108e-01	6.300110e-05	5.326565e-06
1.705969189572868e-05	1.198732e+01	1.199885e+01	3.455886e-02	5.020196e-01	5.763790e-05	5.209134e-06
1.707922314572868e-05	1.198840e+01	1.199888e+01	3.173095e-02	5.015370e-01	5.274595e-05	5.097545e-06
1.709875439572868e-05	1.198938e+01	1.199890e+01	2.913394e-02	5.010626e-01	4.828157e-05	4.991313e-06
1.711828564572868e-05	1.199027e+01	1.199892e+01	2.674907e-02	5.005963e-01	4.420549e-05	4.890008e-06
1.713781689572868e-05	1.199109e+01	1.199895e+01	2.455907e-02	5.001376e-01	4.048231e-05	4.793248e-06
1.715734814572868e-05	1.199184e+01	1.199897e+01	2.254807e-02	4.996863e-01	3.708013e-05	4.700688e-06
1.717687939572867e-05	1.199253e+01	1.199899e+01	2.070149e-02	4.992423e-01	3.397010e-05	4.612024e-06
1.719641064572867e-05	1.199315e+01	1.199900e+01	1.900593e-02	4.988053e-01	3.112616e-05	4.526981e-06
1.721594189572867e-05	1.199372e+01	1.199902e+01	1.744907e-02	4.983750e-01	2.852474e-05	4.445312e-06
1.723547314572867e-05	1.199425e+01	1.199904e+01	1.601959e-02	4.979513e-01	2.614445e-05	4.366793e-06
1.725500439572867e-05	1.199473e+01	1.199906e+01	1.470709e-02	4.975340e-01	2.396592e-05	4.291224e-06
1.727453564572867e-05	1.199517e+01	1.199907e+01	1.350203e-02	4.971229e-01	2.197155e-05	4.218420e-06
1.729406689572867e-05	1.199557e+01	1.199909e+01	1.239562e-02	4.967178e-01	2.014537e-05	4.148214e-06
1.731359814572867e-05	1.199594e+01	1.199910e+01	1.137980e-02	4.963185e-01	1.847283e-05	4.080455e-06
1.733312939572867e-05	1.199627e+01	1.199912e+01	1.044716e-02	4.959248e-01	1.694071e-05	4.015004e-06
1.735266064572867e-05	1.199658e+01	1.199913e+01	9.590905e-03	4.955367e-01	1.553699e-05	3.951733e-06
1.737219189572867e-05	1.199687e+01	1.199914e+01	8.804787e-03	4.951539e-01	1.425068e-05	3.890524e-06
1.739172314572867e-05	1.199712e+01	1.199916e+01	8.083067e-03	4.947764e-01	1.307180e-05	3.831269e-06
1.741125439572866e-05	1.199736e+01	1.199917e+01	7.420475e-03	4.944039e-01	1.199123e-05	3.773869e-06
1.743078564572866e-05	1.199758e+01	1.199918e+01	6.812171e-03	4.940363e-01	1.100064e-05	3.718231e-06
1.745031689572866e-05	1.199778e+01	1.199919e+01	6.253713e-03	4.936736e-01	1.009243e-05	3.664269e-06
1.746984814572866e-05	1.199796e+01	1.199921e+01	5.741018e-03	4.933155e-01	9.259668e-06	3.611904e-06
1.748937939572866e-05	1.199813e+01	1.199922e+01	5.270340e-03	4.929620e-01	8.496013e-06	3.561061e-06
1.750891064572866e-05	1.199829e+01	1.199923e+01	4.838238e-03	4.926129e-01	7.795665e-06	3.511672e-06
1.752844189572866e-05	1.199843e+01	1.199924e+01	4.441552e-03	4.922681e-01	7.153324e-06	3.463670e-06
1.754797314572866e-05	1.199856e+01	1.199925e+01	4.077382e-03	4.919277e-01	6.564142e-06	3.416996e-06
1.756750439572866e-05	1.199867e+01	1.199926e+01	3.743062e-03	4.915913e-01	6.023683e-06	3.371593e-06
1.758703564572866e-05	1.199878e+01	1.199927e+01	3.436149e-03	4.912589e-01	5.527886e-06	3.327407e-06
1.760656689572866e-05	1.199888e+01	1.199928e+01	3.154395e-03	4.909305e-01	5.073035e-06	3.284388e-06
1.762609814572866e-05	1.199898e+01	1.199929e+01	2.895740e-03	4.906060e-01	4.655727e-06	3.242488e-06
1.764562939572866e-05	1.199906e+01	1.199930e+01	2.658290e-03	4.902852e-01	4.272843e-06	3.201664e-06
1.766516064572865e-05	1.199914e+01	1.199930e+01	2.440308e-03	4.899680e-01	3.921529e-06	3.161873e-06
1.768469189572865e-05	1.199921e+01	1.199931e+01	2.240198e-03	4.896544e-01	3.599169e-06	3.123075e-06
1.770422314572865e-05	1.199927e+01	1.199932e+01	2.056495e-03	4.893444e-01	3.303365e-06	3.085232e-06
1.772375439572865e-05	1.199933e+01	1.199933e+01	1.887855e-03	4.890377e-01	3.031920e-06	3.048308e-06
1.774328564572865e-05	1.199939e+01	1.199934e+01	1.733042e-03	4.887344e-01	2.782822e-06	3.012270e-06
1.776281689572865e-05	1.199944e+01	1.199934e+01	1.590923e-03	4.884344e-01	2.554224e-06	2.977085e-06
1.778234814572865e-05	1.199948e+01	1.199935e+01	1.460457e-03	4.881376e-01	2.344432e-06	2.942724e-06
1.780187939572865e-05	1.199953e+01	1.199936e+01	1.340690e-03	4.878439e-01	2.151897e-06	2.909157e-06
1.782141064572865e-05	1.199957e+01	1.199937e+01	1.230743e-03	4.875533e-01	1.975194e-06	2.876355e-06
1.784094189572865e-05	1.199960e+01	1.199937e+01	1.129813e-03	4.872657e-01	1.813017e-06	2.844293e-06
1.786047314572865e-05	1.199963e+01	1.199938e+01	1.037158e-03	4.869811e-01	1.664171e-06	2.812946e-06
1.788000439572865e-05	1.199966e+01	1.199939e+01	9.521022e-04	4.866993e-01	1.527557e-06	2.782290e-06
1.789953564572864e-05	1.199969e+01	1.199939e+01	8.740210e-04	4.864204e-01	1.402168e-06	2.752301e-06
1.791906689572864e-05	1.199972e+01	1.199940e+01	8.023428e-04	4.861442e-01	1.287080e-06	2.722958e-06
1.793859814572864e-05	1.199974e+01	1.199941e+01	7.365426e-04	4.858708e-01	1.181445e-06	2.694240e-06
1.795812939572864e-05	1.199976e+01	1.199941e+01	6.761384e-04	4.856001e-01	1.084487e-06	2.666128e-06
1.797766064572864e-05	1.199978e+01	1.199942e+01	6.206879e-04	4.853319e-01	9.954904e-07	2.638601e-06
1.799719189572864e-05	1.199980e+01	1.199943e+01	5.697847e-04	4.850663e-01	9.138014e-07	2.611642e-06
1.801672314572864e-05	1.199982e+01	1.199943e+01	5.230560e-04	4.848032e-01	8.388196e-07	2.585233e-06
1.803625439572864e-05	1.199983e+01	1.199944e+01	4.801594e-04	4.845426e-01	7.699933e-07	2.559357e-06
1.805578564572864e-05	1.199984e+01	1.199944e+01	4.407808e-04	4.842844e-01	7.068169e-07	2.533998e-06
1.807531689572864e-05	1.199986e+01	1.199945e+01	4.046316e-04	4.840286e-01	6.488265e-07	2.509141e-06
1.809484814572864e-05	1.199987e+01	1.199945e+01	3.714469e-04	4.837751e-01	5.955959e-07	2.484771e-06
1.811437939572864e-05	1.199988e+01	1.199946e+01	3.409838e-04	4.835240e-01	5.467339e-07	2.460873e-06
1.813391064572864e-05	1.199989e+01	1.199946e+01	3.130189e-04	4.832750e-01	5.018816e-07	2.437434e-06
1.815344189572863e-05	1.199990e+01	1.199947e+01	2.873475e-04	4.830283e-01	4.607099e-07	2.414440e-06
1.817297314572863e-05	1.199991e+01	1.199947e+01	2.637814e-04	4.827837e-01	4.229165e-07	2.391879e-06
1.819250439572863e-05	1.199992e+01	1.199948e+01	2.421480e-04	4.825413e-01	3.882246e-07	2.369740e-06
1.821203564572863e-05	1.199992e+01	1.199948e+01	2.222888e-04	4.823010e-01	3.563790e-07	2.348009e-06
1.823156689572863e-05	1.199993e+01	1.199949e+01	2.040583e-04	4.820627e-01	3.271462e-07	2.326676e-06
1.825109814572863e-05	1.199993e+01	1.199949e+01	1.873229e-04	4.818265e-01	3.003120e-07	2.305730e-06
1.827062939572863e-05	1.199994e+01	1.199950e+01	1.719600e-04	4.815922e-01	2.756792e-07	2.285160e-06
1.829016064572863e-05	1.199994e+01	1.199950e+01	1.578570e-04	4.813600e-01	2.530672e-07	2.264956e-06
1.830969189572863e-05	1.199995e+01	1.199951e+01	1.449106e-04	4.811296e-01	2.323103e-07	2.245108e-06
1.832922314572863e-05	1.199995e+01	1.199951e+01	1.330261e-04	4.809011e-01	2.132562e-07	2.225608e-06
1.834875439572863e-05	1.199996e+01	1.199951e+01	1.221162e-04	4.806745e-01	1.957655e-07	2.206446e-06
1.836828564572863e-05	1.199996e+01	1.199952e+01	1.121010e-04	4.804497e-01	1.797098e-07	2.187613e-06
1.838781689572862e-05	1.199996e+01	1.199952e+01	1.029072e-04	4.802267e-01	1.649708e-07	2.169101e-06
1.840734814572862e-05	1.199997e+01	1.199953e+01	9.446748e-05	4.800055e-01	1.514403e-07	2.150902e-06
1.842687939572862e-05	1.199997e+01	1.199953e+01	8.671988e-05	4.797860e-01	1.390198e-07	2.133008e-06
1.846594189572862e-05	1.199997e+01	1.199954e+01	7.307878e-05	4.793522e-01	1.171523e-07	2.098103e-06
1.850500439572862e-05	1.199998e+01	1.199955e+01	6.158343e-05	4.789251e-01	9.872512e-08	2.064327e-06
1.854406689572862e-05	1.199998e+01	1.199955e+01	5.189630e-05	4.785044e-01	8.319721e-08	2.031629e-06
1.858312939572862e-05	1.199998e+01	1.199956e+01	4.373297e-05	4.780900e-01	7.011103e-08	1.999957e-06
1.862219189572862e-05	1.199999e+01	1.199957e+01	3.685372e-05	4.776816e-01	5.908383e-08	1.969263e-06
1.866125439572861e-05	1.199999e+01	1.199957e+01	3.105659e-05	4.772792e-01	4.979150e-08	1.939501e-06
1.870031689572861e-05	1.199999e+01	1.199958e+01	2.617135e-05	4.768825e-01	4.196113e-08	1.910631e-06
1.873937939572861e-05	1.199999e+01	1.199959e+01	2.205457e-05	4.764914e-01	3.536242e-08	1.882613e-06
1.879797314572861e-05	1.199999e+01	1.199959e+01	1.706110e-05	4.759148e-01	2.735858e-08	1.842100e-06
1.885656689572861e-05	1.200000e+01	1.199960e+01	1.319823e-05	4.753500e-01	2.116682e-08	1.803303e-06
1.891516064572860e-05	1.200000e+01	1.199961e+01	1.020996e-05	4.747963e-01	1.637727e-08	1.766116e-06
1.897375439572860e-05	1.200000e+01	1.199962e+01	7.898279e-06	4.742535e-01	1.267205e-08	1.730439e-06
1.902118743144288e-05	1.200000e+01	1.199963e+01	6.513534e-06	4.738221e-01	1.045242e-08	1.702696e-06
1.906862046715717e-05	1.200000e+01	1.199963e+01	5.302068e-06	4.733969e-01	8.510569e-09	1.675743e-06
1.911605350287145e-05	1.200000e+01	1.199964e+01	4.263883e-06	4.729777e-01	6.846484e-09	1.649578e-06
1.916348653858574e-05	1.200000e+01	1.199964e+01	3.398979e-06	4.725647e-01	5.460169e-09	1.624202e-06
1.921091957430002e-05	1.200000e+01	1.199965e+01	2.707354e-06	4.721578e-01	4.351623e-09	1.599615e-06
1.925835261001430e-05	1.200000e+01	1.199965e+01	2.189010e-06	4.717571e-01	3.520847e-09	1.575817e-06
1.930578564572859e-05	1.200000e+01	1.199966e+01	1.843946e-06	4.713624e-01	2.967840e-09	1.552807e-06
1.939507136001430e-05	1.200000e+01	1.199967e+01	1.341244e-06	4.706356e-01	2.162024e-09	1.511484e-06
1.948435707430001e-05	1.200000e+01	1.199968e+01	9.239824e-07	4.699253e-01	1.493179e-09	1.471976e-06
1.957364278858572e-05	1.200000e+01	1.199968e+01	5.921599e-07	4.692314e-01	9.613060e-10	1.434282e-06
1.966292850287143e-05	1.200000e+01	1.199969e+01	3.457770e-07	4.685539e-01	5.664047e-10	1.398403e-06
1.975221421715714e-05	1.200000e+01	1.199970e+01	1.848336e-07	4.678929e-01	3.084751e-10	1.364339e-06
1.984149993144285e-05	1.200000e+01	1.199971e+01	1.093297e-07	4.672483e-01	1.875173e-10	1.332090e-06
1.993078564572856e-05	1.200000e+01	1.199971e+01	1.192654e-07	4.666202e-01	2.035312e-10	1.301655e-06
1.998046875000000e-05	1.200000e+01	1.199972e+01	9.585450e-08	4.662755e-01	1.655903e-10	1.285139e-06
2.000000000000000e-05	1.200000e+01	1.199972e+01	8.396777e-08	4.661415e-01	1.586641e-10	1.277666e-06
